1,1,1,2,1,0.0,3665
1,1,1,2,2,0.0,3846
1,1,1,2,3,0.0,3870
1,1,1,2,4,0.0,3894
1,1,1,2,5,0.0,4120
1,1,1,2,6,0.0,3792
1,1,1,2,7,0.0,3777
1,1,1,2,8,0.0,3762
1,1,1,2,9,0.0,3647
1,1,1,2,10,0.0,3563
1,1,1,2,11,0.0,3710
1,1,1,2,12,0.0,3904
1,1,1,2,13,0.0,3915
1,1,1,2,14,0.0,3839
1,1,1,2,15,0.0,4107
1,1,1,2,16,0.0,4160
1,1,1,2,17,0.0,4141
1,1,1,2,18,0.0,4061
1,1,1,2,19,0.0,3886
1,1,1,2,20,0.0,3802
1,1,1,2,21,0.0,3945
1,1,1,2,22,0.0,3933
1,2,0,3,0,0.0,3367
1,2,0,3,1,0.0,3398
1,2,0,3,2,0.0,3451
1,2,0,3,3,0.0,3735
1,2,0,3,4,0.0,3698
1,2,0,3,5,0.0,3560
1,2,0,3,6,0.0,3759
1,2,0,3,7,0.0,3740
1,2,0,3,8,0.0,3666
1,2,0,3,9,0.0,3666
1,2,0,3,10,0.0,3594
1,2,0,3,11,0.0,3656
1,2,0,3,12,0.0,3795
1,2,0,3,13,0.0,3670
1,2,0,3,14,0.0,3582
1,2,0,3,15,0.0,3707
1,2,0,3,16,0.0,3692
1,2,0,3,17,0.0,4110
1,2,0,3,18,0.0,4018
1,2,0,3,19,0.0,4295
1,2,0,3,20,0.0,4195
1,2,0,3,21,0.0,4193
1,2,0,3,22,0.0,4182
1,3,0,4,1,0.0,3333
1,3,0,4,2,0.0,3328
1,3,0,4,3,0.0,3322
1,3,0,4,4,0.0,3308
1,3,0,4,5,0.0,3298
1,3,0,4,6,0.0,3287
1,3,0,4,7,0.0,3315
1,3,0,4,8,0.0,3575
1,3,0,4,9,0.0,3564
1,3,0,4,10,0.0,3532
1,3,0,4,11,0.0,3579
1,3,0,4,12,0.0,3603
1,3,0,4,13,0.0,3806
1,3,0,4,14,0.0,4380
1,3,0,4,15,0.0,4362
1,3,0,4,16,0.0,4199
1,3,0,4,17,0.0,4145
1,3,0,4,18,0.0,4070
1,3,0,4,19,0.0,4001
1,3,0,4,20,0.0,3686
1,3,0,4,21,0.0,3700
1,3,0,4,22,0.0,3788
1,4,0,5,1,0.0,4100
1,4,0,5,2,0.0,4085
1,4,0,5,3,0.0,3989
1,4,0,5,4,0.0,3807
1,4,0,5,5,0.0,3819
1,4,0,5,6,0.0,3879
1,4,0,5,7,0.0,3747
1,4,0,5,8,0.0,3755
1,4,0,5,9,0.0,3834
1,4,0,5,10,0.0,3805
1,4,0,5,11,0.0,3785
1,4,0,5,12,0.0,3829
1,4,0,5,13,0.0,3700
1,4,0,5,14,0.0,4124
1,4,0,5,15,0.0,4433
1,4,0,5,16,0.0,4381
1,4,0,5,17,0.0,4185
1,4,0,5,18,0.0,3979
1,4,0,5,19,0.0,3840
1,4,0,5,20,0.0,4022
1,4,0,5,21,0.0,4149
1,4,0,5,22,0.0,3935
1,4,0,5,23,0.0,3904
1,5,0,6,1,0.0,3413
1,5,0,6,2,0.0,3445
1,5,0,6,3,0.0,3499
1,5,0,6,4,0.0,3569
1,5,0,6,5,0.0,3649
1,5,0,6,6,0.0,3446
1,5,0,6,7,0.0,3536
1,5,0,6,8,0.0,3640
1,5,0,6,9,0.0,3769
1,5,0,6,10,0.0,3709
1,5,0,6,11,0.0,3783
1,5,0,6,12,0.0,3738
1,5,0,6,13,0.0,3711
1,5,0,6,14,0.0,3699
1,5,0,6,15,0.0,3658
1,5,0,6,16,0.0,3687
1,5,0,6,17,0.0,3683
1,5,0,6,18,0.0,3703
1,5,0,6,19,0.0,3674
1,5,0,6,20,0.0,3782
1,5,0,6,21,0.0,3928
1,5,0,6,22,0.0,3930
1,5,0,6,23,0.0,3939
1,6,1,7,0,0.0,5651
1,6,1,7,1,0.0,5544
1,6,1,7,2,0.0,5436
1,6,1,7,3,0.0,5179
1,6,1,7,4,0.0,4982
1,6,1,7,5,0.0,4784
1,6,1,7,6,0.0,4548
1,6,1,7,7,0.0,4363
1,6,1,7,8,0.0,4110
1,6,1,7,9,0.0,3806
1,6,1,7,10,0.0,3804
1,6,1,7,11,0.0,3922
1,6,1,7,12,0.0,3876
1,6,1,7,13,0.0,3783
1,6,1,7,14,0.0,3748
1,6,1,7,15,0.0,3798
1,6,1,7,16,0.0,3860
1,6,1,7,17,0.0,3837
1,6,1,7,18,0.0,3794
1,6,1,7,19,0.0,3850
1,6,1,7,20,0.0,3710
1,6,1,7,21,0.0,3728
1,6,1,7,22,0.0,3706
1,6,1,7,23,0.0,3575
1,7,1,1,0,0.0,3376
1,7,1,1,1,0.0,3418
1,7,1,1,2,0.0,3686
1,7,1,1,3,0.0,3642
1,7,1,1,4,0.0,3410
1,7,1,1,5,0.0,3410
1,7,1,1,6,0.0,3392
1,7,1,1,7,0.0,3389
1,7,1,1,8,0.0,3549
1,7,1,1,9,0.0,3708
1,7,1,1,10,0.0,3709
1,7,1,1,11,0.0,3880
1,7,1,1,12,0.0,3835
1,7,1,1,13,0.0,3956
1,7,1,1,14,0.0,3938
1,7,1,1,15,0.0,3920
1,7,1,1,16,0.0,3992
1,7,1,1,17,0.0,3809
1,7,1,1,18,0.0,3922
1,7,1,1,19,0.0,3964
1,7,1,1,20,0.0,3832
1,7,1,1,21,0.0,3687
1,7,1,1,22,0.0,3657
1,7,1,1,23,0.0,3737
1,8,0,2,0,0.0,5088
1,8,0,2,1,0.25,4592
1,8,0,2,2,0.25,4541
1,8,0,2,3,0.0,4219
1,8,0,2,4,0.0,4208
1,8,0,2,5,0.25,3982
1,8,0,2,6,0.0,3828
1,8,0,2,7,0.0,3654
1,8,0,2,8,0.0,3614
1,8,0,2,9,0.5,3560
1,8,0,2,10,0.5,3718
1,8,0,2,11,0.75,3751
1,8,0,2,12,0.25,3733
1,8,0,2,13,0.25,3835
1,8,0,2,14,0.0,4069
1,8,0,2,15,0.25,4155
1,8,0,2,16,0.0,4059
1,8,0,2,17,0.25,4248
1,8,0,2,18,0.0,4155
1,8,0,2,19,0.0,4265
1,8,0,2,20,0.0,4284
1,8,0,2,21,0.0,4212
1,8,0,2,22,0.0,4214
1,8,0,2,23,0.0,4057
1,9,0,3,1,0.0,3008
1,9,0,3,2,0.0,3015
1,9,0,3,3,0.0,3026
1,9,0,3,4,0.0,3086
1,9,0,3,5,0.0,3118
1,9,0,3,6,0.0,3341
1,9,0,3,7,0.0,3410
1,9,0,3,8,0.0,3425
1,9,0,3,9,0.0,3815
1,9,0,3,10,0.0,3995
1,9,0,3,11,0.0,4072
1,9,0,3,12,0.0,4081
1,9,0,3,13,0.0,4610
1,9,0,3,14,0.0,4462
1,9,0,3,15,0.0,4417
1,9,0,3,16,0.0,4451
1,9,0,3,17,0.0,4703
1,9,0,3,18,0.0,4459
1,9,0,3,19,0.0,4331
1,9,0,3,20,0.0,4354
1,9,0,3,21,0.0,4578
1,9,0,3,22,0.0,4444
1,9,0,3,23,0.0,5328
1,10,0,4,4,0.0,4106
1,10,0,4,5,0.0,3944
1,10,0,4,6,0.0,3981
1,10,0,4,7,0.25,4214
1,10,0,4,8,0.0,4156
1,10,0,4,9,0.0,4528
1,10,0,4,10,0.0,4734
1,10,0,4,11,0.0,4681
1,10,0,4,12,0.0,4500
1,10,0,4,13,0.0,4361
1,10,0,4,14,0.0,4325
1,10,0,4,15,0.0,4180
1,10,0,4,16,0.0,4006
1,10,0,4,17,0.0,4490
1,10,0,4,18,0.0,4330
1,10,0,4,19,0.0,4185
1,10,0,4,20,0.0,3922
1,10,0,4,21,0.0,3900
1,10,0,4,22,0.0,3760
1,10,0,4,23,0.0,3771
1,11,0,5,1,0.0,10450
1,11,0,5,2,0.0,9990
1,11,0,5,3,0.0,9209
1,11,0,5,4,0.0,8203
1,11,0,5,5,0.0,7039
1,11,0,5,6,0.0,5998
1,11,0,5,7,0.0,5614
1,11,0,5,8,0.0,5162
1,11,0,5,9,0.0,4755
1,11,0,5,10,0.0,4675
1,11,0,5,11,0.0,4538
1,11,0,5,12,0.0,4401
1,11,0,5,13,0.0,4473
1,11,0,5,14,0.0,4495
1,11,0,5,15,0.0,4535
1,11,0,5,16,0.0,4312
1,11,0,5,17,0.0,4262
1,11,0,5,18,0.0,4074
1,11,0,5,19,0.0,4034
1,11,0,5,20,0.0,4401
1,11,0,5,21,0.0,4133
1,11,0,5,22,0.0,4045
1,11,0,5,23,0.0,3956
1,12,0,6,0,0.0,4804
1,12,0,6,1,0.0,4273
1,12,0,6,2,0.0,4238
1,12,0,6,3,0.0,4203
1,12,0,6,4,0.0,4118
1,12,0,6,5,0.0,4053
1,12,0,6,6,0.0,3988
1,12,0,6,7,0.0,4081
1,12,0,6,8,0.0,4208
1,12,0,6,9,0.0,3903
1,12,0,6,10,0.0,3823
1,12,0,6,11,0.0,3787
1,12,0,6,12,0.0,3725
1,12,0,6,13,0.0,3838
1,12,0,6,14,0.0,3795
1,12,0,6,15,0.0,3751
1,12,0,6,16,0.0,3925
1,12,0,6,17,0.0,3987
1,12,0,6,18,0.0,3892
1,12,0,6,19,0.0,3850
1,12,0,6,20,0.0,4061
1,12,0,6,21,0.0,3969
1,12,0,6,22,0.0,3746
1,12,0,6,23,0.0,3609
1,13,1,7,1,0.0,3552
1,13,1,7,2,0.0,3567
1,13,1,7,3,0.0,3665
1,13,1,7,4,0.0,3655
1,13,1,7,5,0.0,3609
1,13,1,7,6,0.0,3523
1,13,1,7,7,0.0,3461
1,13,1,7,8,0.0,3477
1,13,1,7,9,0.0,3535
1,13,1,7,10,0.0,3863
1,13,1,7,11,0.0,3886
1,13,1,7,12,0.0,4083
1,13,1,7,13,0.0,4209
1,13,1,7,14,0.0,4138
1,13,1,7,15,0.0,4030
1,13,1,7,16,0.0,4014
1,13,1,7,17,0.0,4123
1,13,1,7,18,0.0,4144
1,13,1,7,19,0.0,3949
1,13,1,7,20,0.0,3730
1,13,1,7,21,0.0,3817
1,13,1,7,22,0.0,3864
1,13,1,7,23,0.0,3659
1,14,1,1,0,0.0,4304
1,14,1,1,1,0.0,4267
1,14,1,1,2,0.0,4445
1,14,1,1,3,0.0,4215
1,14,1,1,4,0.0,4081
1,14,1,1,5,0.0,4090
1,14,1,1,6,0.0,4099
1,14,1,1,7,0.0,3951
1,14,1,1,8,0.0,3839
1,14,1,1,9,0.0,3855
1,14,1,1,10,0.0,3842
1,14,1,1,11,0.0,3900
1,14,1,1,12,0.0,3781
1,14,1,1,13,0.0,4065
1,14,1,1,14,0.0,4153
1,14,1,1,15,0.0,3920
1,14,1,1,16,0.0,4121
1,14,1,1,17,0.0,4071
1,14,1,1,18,0.0,3894
1,14,1,1,19,0.0,3789
1,14,1,1,20,0.0,3717
1,14,1,1,21,0.0,3667
1,14,1,1,22,0.0,3647
1,15,0,2,0,0.0,3930
1,15,0,2,1,0.0,3926
1,15,0,2,2,0.0,3919
1,15,0,2,3,0.0,3879
1,15,0,2,4,0.0,3865
1,15,0,2,5,0.0,3762
1,15,0,2,6,0.0,3761
1,15,0,2,7,0.0,3750
1,15,0,2,8,0.0,3663
1,15,0,2,9,0.0,3576
1,15,0,2,10,0.0,3569
1,15,0,2,11,0.0,3871
1,15,0,2,12,0.0,3733
1,15,0,2,13,0.0,3620
1,15,0,2,14,0.0,3709
1,15,0,2,15,0.0,3763
1,15,0,2,16,0.0,3870
1,15,0,2,17,0.0,4015
1,15,0,2,18,0.0,4798
1,15,0,2,19,0.0,4577
1,15,0,2,20,0.0,4278
1,15,0,2,21,0.0,4038
1,15,0,2,22,0.0,4052
1,15,0,2,23,0.0,4245
1,16,0,3,0,0.0,3795
1,16,0,3,1,0.0,3764
1,16,0,3,2,0.0,3732
1,16,0,3,3,0.0,3657
1,16,0,3,4,0.0,3599
1,16,0,3,5,0.0,3541
1,16,0,3,6,0.0,3319
1,16,0,3,7,0.0,3320
1,16,0,3,8,0.0,3729
1,16,0,3,9,0.0,3780
1,16,0,3,10,0.0,3889
1,16,0,3,11,1.5,4276
1,16,0,3,12,0.5,4363
1,16,0,3,13,1.5,4194
1,16,0,3,14,0.75,4667
1,16,0,3,15,1.0,4564
1,16,0,3,16,0.75,4448
1,16,0,3,17,1.25,4399
1,16,0,3,18,1.25,4275
1,16,0,3,19,1.0,4124
1,16,0,3,20,1.5,4039
1,16,0,3,21,1.5,4181
1,16,0,3,22,1.5,4234
1,16,0,3,23,1.75,4535
1,17,0,4,0,1.25,5060
1,17,0,4,1,0.0,4968
1,17,0,4,2,0.25,4876
1,17,0,4,3,0.25,4655
1,17,0,4,4,0.0,4486
1,17,0,4,5,1.0,4316
1,17,0,4,6,1.25,4069
1,17,0,4,7,0.5,4153
1,17,0,4,8,1.0,4080
1,17,0,4,9,0.75,3936
1,17,0,4,10,0.5,3845
1,17,0,4,11,0.75,4031
1,17,0,4,12,0.75,4006
1,17,0,4,13,0.0,4109
1,17,0,4,14,0.0,4070
1,17,0,4,15,0.0,4528
1,17,0,4,16,0.0,4429
1,17,0,4,17,0.0,4178
1,17,0,4,18,0.0,4174
1,17,0,4,19,0.0,4057
1,17,0,4,20,0.0,4060
1,17,0,4,21,0.0,4090
1,17,0,4,22,0.0,3860
1,18,0,5,2,0.0,3066
1,18,0,5,3,0.0,3091
1,18,0,5,4,0.0,3133
1,18,0,5,5,0.0,3359
1,18,0,5,6,0.0,3409
1,18,0,5,7,0.0,3578
1,18,0,5,8,0.0,3604
1,18,0,5,9,0.0,3558
1,18,0,5,10,0.0,3832
1,18,0,5,11,0.0,3890
1,18,0,5,12,0.0,3842
1,18,0,5,13,0.0,3881
1,18,0,5,14,0.0,3891
1,18,0,5,15,0.0,4089
1,18,0,5,16,0.0,3971
1,18,0,5,17,0.0,3858
1,18,0,5,18,0.0,4369
1,18,0,5,19,0.0,4123
1,18,0,5,20,0.0,4329
1,18,0,5,21,0.0,4343
1,18,0,5,22,0.0,4357
1,18,0,5,23,0.0,4134
1,19,0,6,0,0.0,3757
1,19,0,6,1,0.0,3739
1,19,0,6,2,0.0,3720
1,19,0,6,3,0.0,3702
1,19,0,6,4,0.0,3665
1,19,0,6,5,0.0,3627
1,19,0,6,6,0.0,3552
1,19,0,6,7,0.0,3571
1,19,0,6,8,0.0,3656
1,19,0,6,9,0.0,3761
1,19,0,6,10,0.0,3788
1,19,0,6,11,0.0,3783
1,19,0,6,12,0.0,4064
1,19,0,6,13,0.0,4395
1,19,0,6,14,0.0,4331
1,19,0,6,15,0.0,4311
1,19,0,6,16,0.0,4102
1,19,0,6,17,0.0,3974
1,19,0,6,18,0.0,4302
1,19,0,6,19,0.0,4321
1,19,0,6,20,0.0,4109
1,19,0,6,21,0.0,4147
1,19,0,6,22,0.0,3931
1,19,0,6,23,0.0,4039
1,20,1,7,0,0.0,4016
1,20,1,7,1,0.0,3999
1,20,1,7,2,0.0,3890
1,20,1,7,3,0.0,3952
1,20,1,7,4,0.0,4053
1,20,1,7,5,0.0,4182
1,20,1,7,6,0.0,4330
1,20,1,7,7,0.0,4308
1,20,1,7,8,0.0,4083
1,20,1,7,9,0.0,3861
1,20,1,7,10,0.0,4160
1,20,1,7,11,0.0,4154
1,20,1,7,12,0.0,4250
1,20,1,7,13,0.0,4318
1,20,1,7,14,0.0,4233
1,20,1,7,15,0.0,4040
1,20,1,7,16,0.0,4011
1,20,1,7,17,0.0,3999
1,20,1,7,18,0.0,3937
1,20,1,7,19,0.0,4256
1,20,1,7,20,0.0,4139
1,20,1,7,21,0.0,3953
1,20,1,7,22,0.0,3904
1,20,1,7,23,0.0,3902
1,21,1,1,1,0.0,4394
1,21,1,1,2,0.0,4330
1,21,1,1,3,0.0,3919
1,21,1,1,4,0.0,3957
1,21,1,1,5,0.0,4122
1,21,1,1,6,0.0,4241
1,21,1,1,7,0.0,4103
1,21,1,1,8,0.0,3998
1,21,1,1,9,0.0,4067
1,21,1,1,10,0.0,3832
1,21,1,1,11,0.0,3937
1,21,1,1,12,0.0,3702
1,21,1,1,13,0.0,3690
1,21,1,1,14,0.0,3889
1,21,1,1,15,0.0,3914
1,21,1,1,16,0.0,3926
1,21,1,1,17,0.0,3936
1,21,1,1,18,0.0,3851
1,21,1,1,19,0.0,3790
1,21,1,1,20,0.0,3683
1,21,1,1,21,0.0,3652
1,21,1,1,22,0.0,3635
1,21,1,1,23,0.0,3598
1,22,0,2,3,0.0,3536
1,22,0,2,4,0.0,3490
1,22,0,2,5,0.0,3411
1,22,0,2,6,0.0,3332
1,22,0,2,7,0.0,3464
1,22,0,2,8,0.0,3439
1,22,0,2,9,0.0,3397
1,22,0,2,10,0.0,3438
1,22,0,2,11,0.0,3654
1,22,0,2,12,0.0,3749
1,22,0,2,13,0.0,3913
1,22,0,2,14,0.25,4118
1,22,0,2,15,0.0,3979
1,22,0,2,16,0.0,3866
1,22,0,2,17,0.0,3792
1,22,0,2,18,0.0,3879
1,22,0,2,19,0.0,3966
1,22,0,2,20,0.0,3869
1,22,0,2,21,0.0,3834
1,22,0,2,22,0.0,3798
1,22,0,2,23,0.0,3613
1,23,0,3,0,0.0,22433
1,23,0,3,2,0.0,14915
1,23,0,3,3,0.0,11157
1,23,0,3,5,0.0,3639
1,23,0,3,6,0.0,3642
1,23,0,3,7,0.0,3644
1,23,0,3,8,0.0,3590
1,23,0,3,9,0.0,3638
1,23,0,3,10,0.0,3582
1,23,0,3,11,0.0,3769
1,23,0,3,12,0.0,3736
1,23,0,3,13,0.0,3803
1,23,0,3,14,0.0,3926
1,23,0,3,15,0.0,4037
1,23,0,3,16,0.0,4001
1,23,0,3,17,0.0,4205
1,23,0,3,18,0.0,4089
1,23,0,3,19,0.0,3864
1,23,0,3,20,0.0,3886
1,23,0,3,21,0.0,3908
1,23,0,3,22,0.0,3930
1,23,0,3,23,0.0,3952
1,24,0,4,2,0.0,3483
1,24,0,4,3,0.0,3577
1,24,0,4,4,0.0,3672
1,24,0,4,5,0.0,3766
1,24,0,4,6,0.0,3860
1,24,0,4,7,0.0,4052
1,24,0,4,8,0.0,4097
1,24,0,4,9,0.0,3982
1,24,0,4,10,0.0,3878
1,24,0,4,11,0.0,4014
1,24,0,4,12,0.0,4016
1,24,0,4,13,0.0,4032
1,24,0,4,14,0.0,4295
1,24,0,4,15,0.0,4273
1,24,0,4,16,0.0,4225
1,24,0,4,17,0.0,4177
1,24,0,4,18,0.0,3910
1,24,0,4,19,0.0,3759
1,24,0,4,20,0.0,3548
1,24,0,4,21,0.0,3365
1,24,0,4,22,0.0,3298
1,24,0,4,23,0.0,7467
1,25,0,5,2,0.0,2843
1,25,0,5,3,0.0,2868
1,25,0,5,4,0.0,2893
1,25,0,5,5,0.0,2918
1,25,0,5,6,0.0,2943
1,25,0,5,7,0.0,3288
1,25,0,5,8,0.0,3545
1,25,0,5,9,0.0,3666
1,25,0,5,10,0.0,3792
1,25,0,5,11,0.0,4014
1,25,0,5,12,0.0,4213
1,25,0,5,13,0.0,4360
1,25,0,5,14,0.0,4508
1,25,0,5,15,0.0,4502
1,25,0,5,16,0.0,4072
1,25,0,5,17,0.0,3909
1,25,0,5,18,0.0,3844
1,25,0,5,19,0.0,3909
1,25,0,5,20,0.0,3866
1,25,0,5,21,0.0,4018
1,25,0,5,22,0.0,3784
1,25,0,5,23,0.0,3863
1,26,0,6,2,0.0,5486
1,26,0,6,3,0.0,5045
1,26,0,6,4,0.0,4820
1,26,0,6,5,0.0,4595
1,26,0,6,6,0.0,4207
1,26,0,6,7,0.0,4102
1,26,0,6,8,0.0,3879
1,26,0,6,9,0.0,3977
1,26,0,6,10,0.0,3874
1,26,0,6,11,0.0,3958
1,26,0,6,12,0.0,3929
1,26,0,6,13,0.0,3922
1,26,0,6,14,0.0,3854
1,26,0,6,15,0.0,3742
1,26,0,6,16,0.0,3685
1,26,0,6,17,0.0,3808
1,26,0,6,18,0.0,3808
1,26,0,6,19,0.0,3734
1,26,0,6,20,0.0,3763
1,26,0,6,21,0.0,3640
1,26,0,6,22,0.0,3473
1,26,0,6,23,0.0,3475
1,27,1,7,1,0.0,4376
1,27,1,7,3,0.0,4533
1,27,1,7,4,0.0,4612
1,27,1,7,6,0.0,4769
1,27,1,7,7,0.0,4899
1,27,1,7,8,0.0,5029
1,27,1,7,9,0.0,5337
1,27,1,7,10,0.0,4780
1,27,1,7,11,0.0,4437
1,27,1,7,12,0.0,4185
1,27,1,7,13,0.0,4093
1,27,1,7,14,0.0,4087
1,27,1,7,15,0.0,4186
1,27,1,7,16,0.0,4334
1,27,1,7,17,0.0,4342
1,27,1,7,18,0.0,4214
1,27,1,7,19,0.0,4025
1,27,1,7,20,0.0,4008
1,27,1,7,21,0.0,3959
1,27,1,7,22,0.0,3745
1,27,1,7,23,0.0,3557
1,28,1,1,0,0.0,3515
1,28,1,1,1,0.0,3602
1,28,1,1,2,0.0,3689
1,28,1,1,3,0.0,3542
1,28,1,1,4,0.0,3572
1,28,1,1,5,0.0,3601
1,28,1,1,6,0.0,3836
1,28,1,1,7,0.0,3716
1,28,1,1,8,0.0,3519
1,28,1,1,9,0.0,3506
1,28,1,1,10,0.0,3492
1,28,1,1,11,0.0,3633
1,28,1,1,12,0.0,3692
1,28,1,1,13,0.0,3773
1,28,1,1,14,0.0,3826
1,28,1,1,15,0.0,3805
1,28,1,1,16,0.0,3736
1,28,1,1,17,0.0,3658
1,28,1,1,18,0.0,3689
1,28,1,1,19,0.0,3720
1,28,1,1,20,0.0,3750
1,28,1,1,21,0.0,3738
1,28,1,1,22,0.0,3754
1,28,1,1,23,0.0,3769
1,29,0,2,0,0.0,3060
1,29,0,2,2,0.0,3181
1,29,0,2,3,0.0,3242
1,29,0,2,5,0.0,3363
1,29,0,2,6,0.0,3356
1,29,0,2,7,0.0,3350
1,29,0,2,8,0.0,3492
1,29,0,2,9,0.0,3618
1,29,0,2,10,0.0,3594
1,29,0,2,11,0.0,3731
1,29,0,2,12,0.0,3861
1,29,0,2,13,0.0,3801
1,29,0,2,14,0.0,3777
1,29,0,2,15,0.0,3667
1,29,0,2,16,0.0,3610
1,29,0,2,17,0.0,3553
1,29,0,2,18,0.0,3509
1,29,0,2,19,0.0,3483
1,29,0,2,20,0.0,3450
1,29,0,2,21,0.0,3417
1,29,0,2,22,0.0,3384
1,29,0,2,23,0.0,3351
1,30,0,3,0,0.0,3380
1,30,0,3,1,0.0,3419
1,30,0,3,2,0.0,3459
1,30,0,3,3,0.0,3498
1,30,0,3,4,0.0,3438
1,30,0,3,5,0.0,3377
1,30,0,3,6,0.0,3384
1,30,0,3,7,0.0,3404
1,30,0,3,8,0.0,3423
1,30,0,3,9,0.0,3567
1,30,0,3,10,0.0,3962
1,30,0,3,11,0.0,4011
1,30,0,3,12,0.0,3969
1,30,0,3,13,0.0,3904
1,30,0,3,14,0.0,4047
1,30,0,3,15,0.0,4133
1,30,0,3,16,0.0,4276
1,30,0,3,17,0.0,4085
1,30,0,3,18,0.0,4188
1,30,0,3,19,0.0,4466
1,30,0,3,20,0.0,4190
1,30,0,3,21,0.0,4123
1,31,0,4,0,0.0,4807
1,31,0,4,1,0.0,4612
1,31,0,4,2,0.0,4416
1,31,0,4,3,0.0,4221
1,31,0,4,4,0.0,4068
1,31,0,4,5,0.0,3914
1,31,0,4,6,0.0,3841
1,31,0,4,7,0.0,3768
1,31,0,4,8,0.0,3629
1,31,0,4,9,0.0,3947
1,31,0,4,10,0.0,3966
1,31,0,4,11,0.0,3989
1,31,0,4,12,0.0,3859
1,31,0,4,13,0.0,3747
1,31,0,4,14,0.0,3890
1,31,0,4,15,0.0,3808
1,31,0,4,16,0.0,3633
1,31,0,4,17,0.0,3507
1,31,0,4,18,0.0,3889
1,31,0,4,19,0.0,3893
1,31,0,4,20,0.0,3969
1,31,0,4,21,0.0,3923
1,31,0,4,22,0.0,3812
1,31,0,4,23,0.0,3700
2,1,0,5,0,0.0,2979
2,1,0,5,2,0.0,3061
2,1,0,5,3,0.0,3102
2,1,0,5,5,0.0,3184
2,1,0,5,6,0.0,3207
2,1,0,5,7,0.0,3220
2,1,0,5,8,0.0,3302
2,1,0,5,9,0.0,3310
2,1,0,5,10,0.0,3308
2,1,0,5,11,0.0,3394
2,1,0,5,12,0.0,3359
2,1,0,5,13,0.0,3457
2,1,0,5,14,0.0,3562
2,1,0,5,15,0.0,3601
2,1,0,5,16,0.0,3716
2,1,0,5,17,0.0,3788
2,1,0,5,18,0.0,3814
2,1,0,5,19,0.0,3988
2,1,0,5,20,0.0,3943
2,1,0,5,21,0.0,3848
2,1,0,5,22,0.0,3701
2,2,0,6,1,0.0,3276
2,2,0,6,2,0.0,3370
2,2,0,6,3,0.0,3529
2,2,0,6,4,0.0,3735
2,2,0,6,5,0.0,3972
2,2,0,6,6,0.0,4089
2,2,0,6,7,0.0,3889
2,2,0,6,8,0.0,3739
2,2,0,6,9,0.0,3708
2,2,0,6,10,0.0,3771
2,2,0,6,11,0.0,3744
2,2,0,6,12,0.0,3858
2,2,0,6,13,0.0,3707
2,2,0,6,14,0.0,3777
2,2,0,6,15,0.0,3903
2,2,0,6,16,0.0,3927
2,2,0,6,17,0.0,4046
2,2,0,6,18,0.0,3947
2,2,0,6,19,0.0,3810
2,2,0,6,20,0.0,3898
2,2,0,6,21,0.0,3673
2,2,0,6,22,0.0,3682
2,2,0,6,23,0.0,3572
2,3,1,7,0,0.0,3397
2,3,1,7,1,0.0,3403
2,3,1,7,2,0.0,3408
2,3,1,7,3,0.0,3422
2,3,1,7,4,0.0,3433
2,3,1,7,5,0.0,3443
2,3,1,7,6,0.0,3510
2,3,1,7,7,0.0,3524
2,3,1,7,8,0.0,3609
2,3,1,7,9,0.0,3829
2,3,1,7,10,0.0,3822
2,3,1,7,11,0.0,3838
2,3,1,7,12,0.0,3745
2,3,1,7,13,0.0,3688
2,3,1,7,14,0.0,3677
2,3,1,7,15,0.0,3907
2,3,1,7,16,0.0,4067
2,3,1,7,17,0.0,4162
2,3,1,7,18,0.0,4086
2,3,1,7,19,0.0,4015
2,3,1,7,20,0.0,3946
2,3,1,7,21,0.0,3797
2,3,1,7,22,0.0,3845
2,3,1,7,23,0.0,3875
2,4,1,1,4,0.0,3496
2,4,1,1,5,0.0,3665
2,4,1,1,6,0.0,3781
2,4,1,1,7,0.0,3571
2,4,1,1,8,0.0,3590
2,4,1,1,9,0.0,3918
2,4,1,1,10,0.0,3925
2,4,1,1,11,0.0,3870
2,4,1,1,12,0.0,3819
2,4,1,1,13,0.0,4198
2,4,1,1,14,0.0,4520
2,4,1,1,15,0.0,4288
2,4,1,1,16,0.0,4077
2,4,1,1,17,0.0,3934
2,4,1,1,18,0.0,3830
2,4,1,1,19,0.0,3851
2,4,1,1,20,0.0,3706
2,4,1,1,21,0.0,3721
2,4,1,1,22,0.0,3634
2,4,1,1,23,0.0,3574
2,5,0,2,0,0.0,4201
2,5,0,2,1,0.0,3830
2,5,0,2,2,0.0,3784
2,5,0,2,3,0.0,3488
2,5,0,2,4,0.0,3483
2,5,0,2,5,0.0,3398
2,5,0,2,6,0.0,3327
2,5,0,2,7,0.0,3297
2,5,0,2,8,0.0,3291
2,5,0,2,9,0.0,3426
2,5,0,2,10,0.0,3473
2,5,0,2,11,0.0,3566
2,5,0,2,12,0.0,3593
2,5,0,2,13,0.0,3765
2,5,0,2,14,0.0,3765
2,5,0,2,15,0.0,3918
2,5,0,2,16,0.0,3988
2,5,0,2,17,0.0,4145
2,5,0,2,18,0.0,4096
2,5,0,2,19,0.0,4097
2,5,0,2,20,0.0,4102
2,5,0,2,21,0.0,4134
2,5,0,2,22,0.0,3974
2,6,0,3,4,0.0,5503
2,6,0,3,5,0.0,5423
2,6,0,3,6,0.0,4912
2,6,0,3,7,0.0,4412
2,6,0,3,8,0.0,4165
2,6,0,3,9,0.0,3947
2,6,0,3,10,0.0,3844
2,6,0,3,11,0.0,3862
2,6,0,3,12,0.0,4268
2,6,0,3,13,0.0,3939
2,6,0,3,14,0.0,3911
2,6,0,3,15,0.0,3988
2,6,0,3,16,0.0,3975
2,6,0,3,17,0.0,3962
2,6,0,3,18,0.0,4080
2,6,0,3,19,0.0,4251
2,6,0,3,20,0.0,4108
2,6,0,3,21,0.0,4046
2,6,0,3,22,0.0,5077
2,7,0,4,0,0.0,3021
2,7,0,4,1,0.0,3244
2,7,0,4,2,0.0,3262
2,7,0,4,3,0.0,3292
2,7,0,4,4,0.0,3454
2,7,0,4,5,0.0,3429
2,7,0,4,6,0.0,3417
2,7,0,4,7,0.0,3384
2,7,0,4,8,0.0,3318
2,7,0,4,9,0.0,3388
2,7,0,4,10,0.0,3441
2,7,0,4,11,0.0,3643
2,7,0,4,12,0.0,3835
2,7,0,4,13,0.0,4027
2,7,0,4,14,0.0,4052
2,7,0,4,15,0.0,4043
2,7,0,4,16,0.0,3857
2,7,0,4,17,0.0,3926
2,7,0,4,18,0.0,3806
2,7,0,4,19,0.0,3688
2,7,0,4,20,0.0,3677
2,7,0,4,21,0.0,3689
2,7,0,4,22,0.0,3766
2,7,0,4,23,0.0,3851
2,8,0,5,0,0.0,3828
2,8,0,5,1,0.0,3977
2,8,0,5,2,0.0,3980
2,8,0,5,3,0.0,3982
2,8,0,5,4,0.0,3988
2,8,0,5,5,0.0,3993
2,8,0,5,6,0.0,3998
2,8,0,5,7,0.0,3970
2,8,0,5,8,0.0,3755
2,8,0,5,9,0.0,3720
2,8,0,5,10,0.0,4098
2,8,0,5,11,0.0,3880
2,8,0,5,12,0.0,3915
2,8,0,5,13,0.0,3770
2,8,0,5,14,0.0,3934
2,8,0,5,15,0.0,3846
2,8,0,5,16,0.0,3970
2,8,0,5,17,0.0,4116
2,8,0,5,18,0.0,4151
2,8,0,5,19,0.0,4004
2,8,0,5,20,0.0,3899
2,8,0,5,21,0.0,3744
2,8,0,5,22,0.0,3763
2,8,0,5,23,0.0,3841
2,9,0,6,0,0.0,3284
2,9,0,6,1,0.0,3327
2,9,0,6,2,0.0,3370
2,9,0,6,3,0.0,3473
2,9,0,6,4,0.0,3552
2,9,0,6,5,0.0,3631
2,9,0,6,6,0.0,3687
2,9,0,6,7,0.0,3698
2,9,0,6,8,0.0,3757
2,9,0,6,9,0.0,3882
2,9,0,6,10,0.0,3753
2,9,0,6,11,0.0,3970
2,9,0,6,12,0.0,3814
2,9,0,6,13,0.0,3706
2,9,0,6,14,0.0,4157
2,9,0,6,15,0.0,4269
2,9,0,6,16,0.0,4124
2,9,0,6,17,0.0,4008
2,9,0,6,18,0.0,4016
2,9,0,6,19,0.0,3984
2,9,0,6,20,0.0,3877
2,9,0,6,21,0.0,3841
2,9,0,6,22,0.0,3705
2,10,1,7,0,0.0,5175
2,10,1,7,1,0.0,4634
2,10,1,7,2,0.0,4524
2,10,1,7,3,0.0,4413
2,10,1,7,4,0.0,4225
2,10,1,7,5,0.0,4127
2,10,1,7,6,0.0,4028
2,10,1,7,7,0.0,3871
2,10,1,7,8,0.0,3656
2,10,1,7,9,0.0,3576
2,10,1,7,10,0.0,3571
2,10,1,7,11,0.0,3587
2,10,1,7,12,0.0,3908
2,10,1,7,13,0.0,4127
2,10,1,7,14,0.0,3975
2,10,1,7,15,0.0,3879
2,10,1,7,16,0.0,3961
2,10,1,7,17,0.0,3864
2,10,1,7,18,0.0,3892
2,10,1,7,19,0.0,3890
2,10,1,7,20,0.0,3856
2,10,1,7,21,0.0,3757
2,10,1,7,22,0.0,3605
2,10,1,7,23,0.0,3535
2,11,1,1,0,0.0,3164
2,11,1,1,1,0.0,3815
2,11,1,1,2,0.0,3817
2,11,1,1,3,0.0,3819
2,11,1,1,4,0.0,3822
2,11,1,1,5,0.0,3826
2,11,1,1,6,0.0,3823
2,11,1,1,7,0.0,3789
2,11,1,1,8,0.0,3767
2,11,1,1,9,0.0,3610
2,11,1,1,10,0.0,3663
2,11,1,1,11,0.0,3689
2,11,1,1,12,0.0,3863
2,11,1,1,13,0.0,3721
2,11,1,1,14,0.0,3726
2,11,1,1,15,0.0,4194
2,11,1,1,16,0.0,4060
2,11,1,1,17,0.0,4093
2,11,1,1,18,0.0,3992
2,11,1,1,19,0.0,4188
2,11,1,1,20,0.0,4010
2,11,1,1,21,0.0,3828
2,11,1,1,22,0.0,3625
2,12,0,2,1,0.0,4113
2,12,0,2,2,0.0,4021
2,12,0,2,3,0.0,4054
2,12,0,2,4,0.0,4264
2,12,0,2,5,0.0,3950
2,12,0,2,6,0.0,3793
2,12,0,2,7,0.0,3800
2,12,0,2,8,0.0,3700
2,12,0,2,9,0.0,3866
2,12,0,2,10,0.0,3860
2,12,0,2,11,0.0,3990
2,12,0,2,12,0.0,4016
2,12,0,2,13,0.0,3887
2,12,0,2,14,0.0,3906
2,12,0,2,15,0.0,3947
2,12,0,2,16,0.0,3922
2,12,0,2,17,0.0,3793
2,12,0,2,18,0.0,3813
2,12,0,2,19,0.0,3740
2,12,0,2,20,0.0,3925
2,12,0,2,21,0.0,3798
2,12,0,2,22,0.0,3894
2,12,0,2,23,0.0,4420
2,13,0,3,0,0.0,4203
2,13,0,3,1,0.0,4158
2,13,0,3,2,0.0,4113
2,13,0,3,3,0.0,4068
2,13,0,3,4,0.0,3992
2,13,0,3,5,0.0,3915
2,13,0,3,6,0.0,3839
2,13,0,3,7,0.0,3705
2,13,0,3,8,0.0,3604
2,13,0,3,9,0.0,3621
2,13,0,3,10,0.0,3638
2,13,0,3,11,0.0,3761
2,13,0,3,12,0.0,3952
2,13,0,3,13,0.0,4184
2,13,0,3,14,0.0,4098
2,13,0,3,15,0.0,3942
2,13,0,3,16,0.0,4027
2,13,0,3,17,0.0,4134
2,13,0,3,18,0.0,4065
2,13,0,3,19,0.0,3988
2,13,0,3,20,0.0,3923
2,13,0,3,21,0.0,3857
2,13,0,3,22,0.0,3845
2,13,0,3,23,0.0,3775
2,14,0,4,6,0.0,3373
2,14,0,4,7,0.0,3434
2,14,0,4,8,0.0,3820
2,14,0,4,9,0.0,3850
2,14,0,4,10,0.0,3761
2,14,0,4,11,0.0,4023
2,14,0,4,12,0.0,3911
2,14,0,4,13,0.0,3768
2,14,0,4,14,0.0,3864
2,14,0,4,15,0.0,3830
2,14,0,4,16,0.0,3851
2,14,0,4,17,0.0,4076
2,14,0,4,18,0.0,4165
2,14,0,4,19,0.0,4065
2,14,0,4,20,0.0,4173
2,14,0,4,21,0.0,4405
2,14,0,4,22,0.0,4605
2,14,0,4,23,0.0,4209
2,15,0,5,0,0.0,4683
2,15,0,5,1,0.0,4627
2,15,0,5,2,0.0,4563
2,15,0,5,3,0.0,4152
2,15,0,5,4,0.0,4054
2,15,0,5,5,0.0,4574
2,15,0,5,6,0.0,4523
2,15,0,5,7,0.0,4163
2,15,0,5,8,0.0,4226
2,15,0,5,9,0.0,4243
2,15,0,5,10,0.0,4631
2,15,0,5,11,0.0,4657
2,15,0,5,12,0.0,4703
2,15,0,5,13,0.0,4894
2,15,0,5,14,0.0,4739
2,15,0,5,15,0.0,4963
2,15,0,5,16,0.0,4814
2,15,0,5,17,0.0,4621
2,15,0,5,18,0.0,4374
2,15,0,5,19,0.0,4146
2,15,0,5,20,0.0,4132
2,15,0,5,21,0.0,4177
2,15,0,5,22,0.0,3922
2,15,0,5,23,0.0,3596
2,16,0,6,0,0.0,3904
2,16,0,6,1,0.0,3900
2,16,0,6,2,0.0,3894
2,16,0,6,3,0.0,3860
2,16,0,6,4,0.0,3854
2,16,0,6,5,0.0,3802
2,16,0,6,6,0.0,3853
2,16,0,6,7,0.0,3829
2,16,0,6,8,0.0,3695
2,16,0,6,9,0.0,3518
2,16,0,6,10,0.0,3499
2,16,0,6,11,0.0,3625
2,16,0,6,12,0.0,4139
2,16,0,6,13,0.0,4831
2,16,0,6,14,0.0,5922
2,16,0,6,15,0.0,6911
2,16,0,6,16,0.0,8386
2,16,0,6,17,0.0,9216
2,16,0,6,18,0.0,9513
2,16,0,6,19,0.0,8800
2,16,0,6,20,0.0,7949
2,16,0,6,21,0.0,6690
2,16,0,6,22,0.0,5964
2,16,0,6,23,0.0,5348
2,17,1,7,1,0.0,3327
2,17,1,7,2,0.0,3377
2,17,1,7,3,0.0,3463
2,17,1,7,4,0.0,3924
2,17,1,7,5,0.0,3935
2,17,1,7,6,0.0,3893
2,17,1,7,7,0.0,3739
2,17,1,7,8,0.0,4100
2,17,1,7,9,0.0,3922
2,17,1,7,10,0.0,3825
2,17,1,7,11,0.0,3875
2,17,1,7,12,0.0,4260
2,17,1,7,13,0.0,4588
2,17,1,7,14,0.0,5139
2,17,1,7,15,0.0,5562
2,17,1,7,16,0.0,6164
2,17,1,7,17,0.0,6659
2,17,1,7,18,0.0,6787
2,17,1,7,19,0.0,6288
2,17,1,7,20,0.0,5613
2,17,1,7,21,0.0,5118
2,17,1,7,22,0.0,4659
2,17,1,7,23,0.0,4280
2,18,1,1,0,0.0,3918
2,18,1,1,1,0.0,3894
2,18,1,1,2,0.0,3854
2,18,1,1,3,0.0,3634
2,18,1,1,4,0.0,3622
2,18,1,1,5,0.0,3469
2,18,1,1,6,0.0,3529
2,18,1,1,7,0.0,3847
2,18,1,1,8,0.0,3675
2,18,1,1,9,0.0,3715
2,18,1,1,10,0.0,4029
2,18,1,1,11,0.0,3824
2,18,1,1,12,0.0,3922
2,18,1,1,13,0.0,3901
2,18,1,1,14,0.0,3842
2,18,1,1,15,0.0,3985
2,18,1,1,16,0.0,4047
2,18,1,1,17,0.0,4333
2,18,1,1,18,0.0,4222
2,18,1,1,19,0.0,4317
2,18,1,1,20,0.0,4220
2,18,1,1,21,0.0,4008
2,18,1,1,22,0.0,3867
2,18,1,1,23,0.0,3791
2,19,0,2,0,0.0,3811
2,19,0,2,1,0.0,3695
2,19,0,2,2,0.0,3578
2,19,0,2,3,0.0,3495
2,19,0,2,4,0.0,3483
2,19,0,2,5,0.0,3472
2,19,0,2,6,0.0,3460
2,19,0,2,7,0.0,3384
2,19,0,2,8,0.0,3329
2,19,0,2,9,0.0,3427
2,19,0,2,10,0.0,3703
2,19,0,2,11,0.0,3768
2,19,0,2,12,0.0,3780
2,19,0,2,13,0.0,4022
2,19,0,2,14,0.0,4066
2,19,0,2,15,0.0,4222
2,19,0,2,16,0.0,4127
2,19,0,2,17,0.0,3996
2,19,0,2,18,0.0,4124
2,19,0,2,19,0.0,3994
2,19,0,2,20,0.0,3937
2,19,0,2,21,0.0,3880
2,19,0,2,22,0.0,3717
2,19,0,2,23,0.0,3584
2,20,0,3,0,0.0,3236
2,20,0,3,1,0.0,3594
2,20,0,3,2,0.0,3736
2,20,0,3,3,0.0,3877
2,20,0,3,4,0.0,3972
2,20,0,3,5,0.0,4067
2,20,0,3,6,0.0,3820
2,20,0,3,7,0.0,3861
2,20,0,3,8,0.0,3808
2,20,0,3,9,0.0,3759
2,20,0,3,10,0.0,3722
2,20,0,3,11,0.0,3962
2,20,0,3,12,0.0,4194
2,20,0,3,13,0.0,4289
2,20,0,3,14,0.0,4173
2,20,0,3,15,0.0,4328
2,20,0,3,16,0.0,4343
2,20,0,3,17,0.0,4352
2,20,0,3,18,0.0,4509
2,20,0,3,19,0.0,4665
2,20,0,3,20,0.0,4731
2,20,0,3,21,0.0,4273
2,20,0,3,22,0.0,4256
2,20,0,3,23,0.0,4239
2,21,0,4,0,0.0,4306
2,21,0,4,3,0.0,3928
2,21,0,4,6,0.0,3550
2,21,0,4,7,0.0,3664
2,21,0,4,8,0.0,3689
2,21,0,4,9,0.0,3713
2,21,0,4,10,0.0,3945
2,21,0,4,11,0.0,3914
2,21,0,4,12,0.0,3937
2,21,0,4,13,0.0,4342
2,21,0,4,14,0.0,4230
2,21,0,4,15,0.0,4339
2,21,0,4,16,0.0,4130
2,21,0,4,17,0.0,4056
2,21,0,4,18,0.0,3923
2,21,0,4,19,0.0,3807
2,21,0,4,20,0.0,3690
2,21,0,4,21,0.0,3802
2,21,0,4,22,0.0,3789
2,21,0,4,23,0.0,3776
2,22,0,5,0,0.0,4789
2,22,0,5,1,0.0,4408
2,22,0,5,2,0.0,4027
2,22,0,5,3,0.0,3646
2,22,0,5,4,0.0,3265
2,22,0,5,5,0.0,3365
2,22,0,5,6,0.0,3465
2,22,0,5,7,0.0,3501
2,22,0,5,8,0.0,3536
2,22,0,5,9,0.0,3691
2,22,0,5,10,0.0,3732
2,22,0,5,11,0.0,3704
2,22,0,5,12,0.0,3726
2,22,0,5,13,0.0,3744
2,22,0,5,14,0.0,3805
2,22,0,5,15,0.0,3870
2,22,0,5,16,0.0,4059
2,22,0,5,17,0.0,3923
2,22,0,5,18,0.0,3884
2,22,0,5,19,0.0,3831
2,22,0,5,20,0.0,3861
2,22,0,5,21,0.0,4042
2,22,0,5,22,0.0,3820
2,22,0,5,23,0.0,4077
2,23,0,6,5,0.0,4280
2,23,0,6,6,0.0,4290
2,23,0,6,7,0.0,4300
2,23,0,6,8,0.0,4064
2,23,0,6,9,0.0,4063
2,23,0,6,10,0.0,4161
2,23,0,6,11,0.0,4134
2,23,0,6,12,0.0,4265
2,23,0,6,13,0.0,4336
2,23,0,6,14,0.0,4234
2,23,0,6,15,0.0,4203
2,23,0,6,16,0.0,4256
2,23,0,6,17,0.0,4267
2,23,0,6,18,0.0,4389
2,23,0,6,19,0.0,4424
2,23,0,6,20,0.0,4383
2,23,0,6,21,0.0,4172
2,23,0,6,22,0.0,4421
2,24,1,7,0,0.0,3444
2,24,1,7,2,0.0,3270
2,24,1,7,3,0.0,3183
2,24,1,7,5,0.0,3009
2,24,1,7,6,0.0,3069
2,24,1,7,7,0.0,3287
2,24,1,7,8,0.0,3475
2,24,1,7,9,0.0,3667
2,24,1,7,10,0.0,3624
2,24,1,7,11,0.0,3657
2,24,1,7,12,0.0,3709
2,24,1,7,13,0.0,3741
2,24,1,7,14,0.0,3891
2,24,1,7,15,0.0,3992
2,24,1,7,16,0.0,4185
2,24,1,7,17,0.0,4250
2,24,1,7,18,0.0,4209
2,24,1,7,19,0.0,4185
2,24,1,7,20,0.0,4110
2,24,1,7,21,0.0,3925
2,24,1,7,22,0.0,3855
2,24,1,7,23,0.0,3661
2,25,1,1,2,0.0,10848
2,25,1,1,3,0.0,8670
2,25,1,1,4,0.0,7860
2,25,1,1,5,0.0,7049
2,25,1,1,6,0.0,5960
2,25,1,1,7,0.0,5287
2,25,1,1,8,0.0,4815
2,25,1,1,9,0.0,4482
2,25,1,1,10,0.0,4692
2,25,1,1,11,0.0,4486
2,25,1,1,12,0.0,4464
2,25,1,1,13,0.0,4300
2,25,1,1,14,0.0,4086
2,25,1,1,15,0.0,3893
2,25,1,1,16,0.0,3967
2,25,1,1,17,0.0,4283
2,25,1,1,18,0.0,4653
2,25,1,1,19,0.0,4406
2,25,1,1,20,0.0,4229
2,25,1,1,21,0.0,3943
2,25,1,1,22,0.0,3932
2,25,1,1,23,0.0,3921
2,26,0,2,0,0.0,3646
2,26,0,2,1,0.0,3418
2,26,0,2,2,0.0,3449
2,26,0,2,3,0.0,3481
2,26,0,2,4,0.0,3512
2,26,0,2,5,0.0,3543
2,26,0,2,6,0.0,3641
2,26,0,2,7,0.0,3598
2,26,0,2,8,0.0,3516
2,26,0,2,9,0.0,3453
2,26,0,2,10,0.0,3722
2,26,0,2,11,0.0,3710
2,26,0,2,12,0.0,3653
2,26,0,2,13,0.0,3919
2,26,0,2,14,0.0,3999
2,26,0,2,15,0.0,3967
2,26,0,2,16,0.0,3918
2,26,0,2,17,0.0,4001
2,26,0,2,18,0.0,3884
2,26,0,2,19,0.0,4080
2,26,0,2,20,0.0,4026
2,26,0,2,21,0.0,4021
2,26,0,2,22,0.0,4118
2,26,0,2,23,0.0,3977
2,27,0,3,0,0.0,3035
2,27,0,3,1,0.0,3501
2,27,0,3,2,0.0,3521
2,27,0,3,3,0.0,3540
2,27,0,3,4,0.0,3560
2,27,0,3,5,0.0,3579
2,27,0,3,6,0.0,3703
2,27,0,3,7,0.0,3758
2,27,0,3,8,0.0,3685
2,27,0,3,9,0.0,3588
2,27,0,3,10,0.0,3526
2,27,0,3,11,0.0,3963
2,27,0,3,12,0.0,3895
2,27,0,3,13,0.0,4136
2,27,0,3,14,0.0,3987
2,27,0,3,15,0.0,4201
2,27,0,3,16,0.0,4193
2,27,0,3,17,0.0,4393
2,27,0,3,18,0.0,4396
2,27,0,3,19,0.0,4398
2,27,0,3,20,0.0,4426
2,27,0,3,21,0.0,4189
2,27,0,3,22,0.0,4040
2,27,0,3,23,0.0,3668
2,28,0,4,0,0.0,4169
2,28,0,4,7,0.0,7635
2,28,0,4,8,0.0,7025
2,28,0,4,9,0.0,6415
2,28,0,4,10,0.0,5587
2,28,0,4,11,0.0,4987
2,28,0,4,12,0.0,4617
2,28,0,4,13,0.0,4380
2,28,0,4,14,2.25,4398
2,28,0,4,15,4.0,4299
2,28,0,4,16,7.25,4296
2,28,0,4,17,8.0,4346
2,28,0,4,18,4.75,4298
2,28,0,4,19,1.25,4469
2,28,0,4,20,0.25,4431
2,28,0,4,21,1.0,4175
2,28,0,4,22,1.0,4225
2,28,0,4,23,1.5,4275
3,1,1,5,2,0.0,4473
3,1,1,5,3,0.0,5684
3,1,1,5,4,0.0,13389
3,1,1,5,5,0.0,10631
3,1,1,5,6,0.0,10170
3,1,1,5,7,0.0,8242
3,1,1,5,8,0.0,6843
3,1,1,5,9,0.0,5987
3,1,1,5,10,0.0,5343
3,1,1,5,11,0.0,4934
3,1,1,5,12,0.0,4630
3,1,1,5,13,0.0,4465
3,1,1,5,14,0.0,4577
3,1,1,5,15,0.0,4692
3,1,1,5,16,0.0,4561
3,1,1,5,17,0.0,4543
3,1,1,5,18,0.0,4231
3,1,1,5,19,0.0,4181
3,1,1,5,20,0.0,3931
3,1,1,5,21,0.0,3909
3,1,1,5,22,0.0,3725
3,2,0,6,6,0.0,3098
3,2,0,6,7,0.0,3141
3,2,0,6,8,0.0,3228
3,2,0,6,9,0.0,3314
3,2,0,6,10,0.0,3366
3,2,0,6,11,0.0,3518
3,2,0,6,12,0.0,3643
3,2,0,6,13,0.0,3740
3,2,0,6,14,0.0,3845
3,2,0,6,15,0.0,4084
3,2,0,6,16,0.0,3986
3,2,0,6,17,0.0,3940
3,2,0,6,18,0.0,3949
3,2,0,6,19,0.0,4074
3,2,0,6,20,0.0,4283
3,2,0,6,21,0.0,4245
3,2,0,6,22,0.0,3991
3,2,0,6,23,0.0,3961
3,3,1,7,1,0.0,3035
3,3,1,7,2,0.0,3064
3,3,1,7,3,0.0,3246
3,3,1,7,4,0.0,3195
3,3,1,7,5,0.0,3245
3,3,1,7,6,0.0,3280
3,3,1,7,7,0.0,3520
3,3,1,7,8,0.0,3612
3,3,1,7,9,0.0,4053
3,3,1,7,10,0.0,4206
3,3,1,7,11,0.0,4248
3,3,1,7,12,0.0,4306
3,3,1,7,13,0.0,4589
3,3,1,7,14,0.0,4526
3,3,1,7,15,0.0,4561
3,3,1,7,16,0.0,4394
3,3,1,7,17,0.0,4269
3,3,1,7,18,0.0,4140
3,3,1,7,19,0.0,4256
3,3,1,7,20,0.0,4259
3,3,1,7,21,0.0,4179
3,3,1,7,22,0.0,4253
3,4,1,1,0,0.0,3640
3,4,1,1,1,0.0,3603
3,4,1,1,2,0.0,3366
3,4,1,1,3,0.0,3428
3,4,1,1,4,0.0,3776
3,4,1,1,5,0.0,3750
3,4,1,1,6,0.0,3724
3,4,1,1,7,0.0,3779
3,4,1,1,8,0.0,3656
3,4,1,1,9,0.0,3598
3,4,1,1,10,0.0,3636
3,4,1,1,11,0.0,3711
3,4,1,1,12,0.0,3701
3,4,1,1,13,0.0,3607
3,4,1,1,14,0.0,3552
3,4,1,1,15,0.0,3658
3,4,1,1,16,0.0,3868
3,4,1,1,17,0.0,3999
3,4,1,1,18,0.0,4007
3,4,1,1,19,0.0,3850
3,4,1,1,20,0.0,4022
3,4,1,1,21,0.75,4118
3,5,0,2,1,0.25,3709
3,5,0,2,2,0.0,3722
3,5,0,2,3,0.25,3804
3,5,0,2,4,2.0,3788
3,5,0,2,5,1.75,3700
3,5,0,2,6,2.25,3814
3,5,0,2,7,0.5,3706
3,5,0,2,8,0.25,3691
3,5,0,2,9,0.0,3847
3,5,0,2,10,0.5,3979
3,5,0,2,11,0.75,3920
3,5,0,2,12,0.25,4128
3,5,0,2,13,0.0,4281
3,5,0,2,14,0.0,4247
3,5,0,2,15,0.25,4231
3,5,0,2,16,0.25,4070
3,5,0,2,17,0.0,3988
3,5,0,2,18,0.0,4375
3,5,0,2,19,0.0,4527
3,5,0,2,20,0.0,4178
3,5,0,2,21,0.0,4074
3,5,0,2,22,0.0,4108
3,5,0,2,23,0.0,4252
3,6,0,3,1,0.0,3113
3,6,0,3,2,0.0,3191
3,6,0,3,3,0.0,3324
3,6,0,3,4,0.0,3495
3,6,0,3,5,0.0,3693
3,6,0,3,6,0.0,3667
3,6,0,3,7,0.0,3564
3,6,0,3,8,0.0,3634
3,6,0,3,9,0.0,3696
3,6,0,3,10,0.0,3617
3,6,0,3,11,0.0,3980
3,6,0,3,12,0.0,4169
3,6,0,3,13,0.0,3928
3,6,0,3,14,0.0,4091
3,6,0,3,15,0.0,3911
3,6,0,3,16,0.0,3742
3,6,0,3,17,0.0,4172
3,6,0,3,18,0.0,4324
3,6,0,3,19,0.0,4067
3,6,0,3,20,0.0,3872
3,6,0,3,21,0.0,3727
3,6,0,3,22,0.0,3725
3,6,0,3,23,0.0,3709
3,7,0,4,0,0.0,3644
3,7,0,4,1,0.0,3482
3,7,0,4,2,0.0,3557
3,7,0,4,3,0.0,3589
3,7,0,4,4,0.0,3644
3,7,0,4,5,0.0,3714
3,7,0,4,6,0.0,3795
3,7,0,4,7,0.0,3555
3,7,0,4,8,0.0,3674
3,7,0,4,9,0.0,3700
3,7,0,4,10,0.0,3707
3,7,0,4,11,0.0,3626
3,7,0,4,12,0.0,3650
3,7,0,4,13,0.0,3745
3,7,0,4,14,0.0,3640
3,7,0,4,15,0.0,3643
3,7,0,4,16,0.0,3790
3,7,0,4,17,0.0,3845
3,7,0,4,18,0.0,3858
3,7,0,4,19,0.25,3919
3,7,0,4,20,0.5,3818
3,7,0,4,21,1.25,3669
3,7,0,4,22,1.5,4061
3,8,0,5,0,1.0,3998
3,8,0,5,1,1.75,3911
3,8,0,5,2,1.5,3938
3,8,0,5,3,1.5,3965
3,8,0,5,4,2.25,4030
3,8,0,5,5,3.0,4080
3,8,0,5,6,2.75,4129
3,8,0,5,7,4.0,4145
3,8,0,5,8,3.5,4262
3,8,0,5,9,4.0,4613
3,8,0,5,10,2.5,4968
3,8,0,5,11,2.0,5115
3,8,0,5,12,1.25,4721
3,8,0,5,13,0.75,4595
3,8,0,5,14,0.25,4375
3,8,0,5,15,0.0,4288
3,8,0,5,16,0.0,4284
3,8,0,5,17,0.0,4239
3,8,0,5,18,0.0,4372
3,8,0,5,19,0.0,4100
3,8,0,5,20,0.0,4129
3,8,0,5,21,0.0,4216
3,8,0,5,22,0.0,3988
3,8,0,5,23,0.0,3843
3,9,0,6,0,0.0,3422
3,9,0,6,1,0.0,3419
3,9,0,6,2,0.0,3415
3,9,0,6,3,0.0,3407
3,9,0,6,4,0.0,3401
3,9,0,6,5,0.0,3394
3,9,0,6,6,0.0,3626
3,9,0,6,7,0.0,3857
3,9,0,6,8,0.0,3829
3,9,0,6,9,0.0,3690
3,9,0,6,10,0.0,3697
3,9,0,6,11,0.0,4017
3,9,0,6,12,0.0,3857
3,9,0,6,13,0.0,3856
3,9,0,6,14,0.0,4105
3,9,0,6,15,0.0,4581
3,9,0,6,16,0.0,4600
3,9,0,6,17,0.0,4368
3,9,0,6,18,0.0,4781
3,9,0,6,19,0.0,4582
3,9,0,6,20,0.0,4536
3,9,0,6,21,0.0,4260
3,9,0,6,22,0.0,3901
3,9,0,6,23,0.0,3794
3,10,1,7,0,0.0,3380
3,10,1,7,1,0.0,3410
3,10,1,7,2,0.0,3601
3,10,1,7,3,0.0,3601
3,10,1,7,4,0.0,3608
3,10,1,7,5,0.0,3619
3,10,1,7,6,0.0,3634
3,10,1,7,7,0.0,3668
3,10,1,7,8,0.0,3774
3,10,1,7,9,0.0,3713
3,10,1,7,10,0.0,3693
3,10,1,7,11,0.0,3802
3,10,1,7,12,0.0,3717
3,10,1,7,13,0.0,3949
3,10,1,7,14,0.0,4219
3,10,1,7,15,0.0,4079
3,10,1,7,16,0.0,4001
3,10,1,7,17,0.0,4181
3,10,1,7,18,0.0,4028
3,10,1,7,19,0.0,4082
3,10,1,7,20,0.0,4225
3,10,1,7,21,0.0,4010
3,10,1,7,22,0.0,3834
3,10,1,7,23,0.0,3813
3,11,1,1,0,0.0,3785
3,11,1,1,1,0.0,3729
3,11,1,1,2,0.0,3673
3,11,1,1,3,0.0,3538
3,11,1,1,4,0.0,3435
3,11,1,1,5,0.0,3331
3,11,1,1,6,0.0,3300
3,11,1,1,7,0.0,3922
3,11,1,1,8,0.0,4478
3,11,1,1,9,0.0,4364
3,11,1,1,10,0.0,4249
3,11,1,1,11,0.0,4188
3,11,1,1,12,0.0,4125
3,11,1,1,13,0.0,3911
3,11,1,1,14,0.0,4183
3,11,1,1,15,0.0,4148
3,11,1,1,16,0.0,4316
3,11,1,1,17,0.0,4481
3,11,1,1,18,0.0,4365
3,11,1,1,19,0.0,4298
3,11,1,1,20,0.0,4546
3,11,1,1,21,0.0,4461
3,11,1,1,22,0.0,4158
3,11,1,1,23,0.0,4076
3,12,0,2,0,0.0,2851
3,12,0,2,1,0.0,2949
3,12,0,2,2,0.0,2951
3,12,0,2,3,0.0,2956
3,12,0,2,4,0.0,2979
3,12,0,2,5,0.0,3301
3,12,0,2,6,0.0,3347
3,12,0,2,7,0.0,3271
3,12,0,2,8,0.0,3326
3,12,0,2,9,0.0,3468
3,12,0,2,10,0.0,3819
3,12,0,2,11,0.0,3797
3,12,0,2,12,0.0,3876
3,12,0,2,13,0.0,4118
3,12,0,2,14,0.0,4265
3,12,0,2,15,0.0,4210
3,12,0,2,16,0.0,4081
3,12,0,2,17,0.0,3895
3,12,0,2,18,0.0,3836
3,12,0,2,19,0.0,3755
3,12,0,2,20,0.0,3734
3,12,0,2,21,0.0,3727
3,12,0,2,22,0.0,3608
3,13,0,3,1,0.0,3517
3,13,0,3,2,0.0,3646
3,13,0,3,3,0.0,3864
3,13,0,3,4,0.0,4146
3,13,0,3,5,0.0,4472
3,13,0,3,6,0.0,3988
3,13,0,3,7,0.0,4204
3,13,0,3,8,0.0,4095
3,13,0,3,9,0.0,3898
3,13,0,3,10,0.0,3763
3,13,0,3,11,0.0,3931
3,13,0,3,12,0.0,4052
3,13,0,3,13,0.0,4209
3,13,0,3,14,0.0,4101
3,13,0,3,15,0.0,4130
3,13,0,3,16,0.0,3994
3,13,0,3,17,0.0,3976
3,13,0,3,18,0.0,3740
3,13,0,3,19,0.0,3885
3,13,0,3,20,0.0,3814
3,13,0,3,21,0.0,3714
3,13,0,3,22,0.0,4065
3,13,0,3,23,0.0,3741
3,14,0,4,3,0.0,3808
3,14,0,4,4,0.0,3858
3,14,0,4,5,0.0,3943
3,14,0,4,6,0.0,4052
3,14,0,4,7,0.0,4178
3,14,0,4,8,0.0,4237
3,14,0,4,9,0.0,4110
3,14,0,4,10,0.0,3892
3,14,0,4,11,0.0,3865
3,14,0,4,12,0.0,4100
3,14,0,4,13,0.0,4506
3,14,0,4,14,0.0,4316
3,14,0,4,15,0.0,4356
3,14,0,4,16,0.0,4869
3,14,0,4,17,0.0,4789
3,14,0,4,18,0.0,4583
3,14,0,4,19,0.0,4572
3,14,0,4,20,0.0,4560
3,14,0,4,21,0.0,4233
3,14,0,4,22,0.0,4221
3,14,0,4,23,0.0,4128
3,15,0,5,6,0.0,3369
3,15,0,5,7,0.0,3518
3,15,0,5,8,0.75,3845
3,15,0,5,9,0.0,3867
3,15,0,5,10,2.5,3874
3,15,0,5,11,4.25,3954
3,15,0,5,12,6.25,3953
3,15,0,5,13,4.75,4061
3,15,0,5,14,4.75,4087
3,15,0,5,15,3.5,4034
3,15,0,5,16,1.0,4219
3,15,0,5,17,0.5,4426
3,15,0,5,18,0.0,4293
3,15,0,5,19,0.25,4213
3,15,0,5,20,0.75,4070
3,15,0,5,21,0.0,3781
3,15,0,5,22,0.0,3734
3,16,0,6,0,0.25,4361
3,16,0,6,1,0.25,4372
3,16,0,6,2,0.5,4390
3,16,0,6,3,0.25,4488
3,16,0,6,4,0.0,4460
3,16,0,6,5,0.0,4419
3,16,0,6,6,0.0,4217
3,16,0,6,7,0.0,3992
3,16,0,6,8,0.0,3888
3,16,0,6,9,0.0,3687
3,16,0,6,10,0.0,3701
3,16,0,6,11,0.0,3697
3,16,0,6,12,0.0,3598
3,16,0,6,13,0.0,3835
3,16,0,6,14,0.0,4102
3,16,0,6,15,0.0,4191
3,16,0,6,16,0.0,4128
3,16,0,6,17,0.0,4104
3,16,0,6,18,0.0,4352
3,16,0,6,19,0.0,4208
3,16,0,6,20,0.0,4273
3,16,0,6,21,0.0,3938
3,16,0,6,22,0.0,3869
3,16,0,6,23,0.0,3750
3,17,1,7,0,0.0,3270
3,17,1,7,1,0.0,3658
3,17,1,7,2,0.0,4045
3,17,1,7,3,0.0,4433
3,17,1,7,4,0.0,5092
3,17,1,7,5,0.0,5752
3,17,1,7,6,0.0,6411
3,17,1,7,7,0.0,5562
3,17,1,7,8,0.0,5058
3,17,1,7,9,0.0,5583
3,17,1,7,10,0.0,5078
3,17,1,7,11,0.0,4764
3,17,1,7,12,0.0,4449
3,17,1,7,13,0.0,4477
3,17,1,7,14,0.0,4383
3,17,1,7,15,0.0,4390
3,17,1,7,16,0.0,4218
3,17,1,7,17,0.0,4093
3,17,1,7,18,0.0,4193
3,17,1,7,19,0.0,4108
3,17,1,7,20,0.0,4132
3,17,1,7,21,0.0,4253
3,17,1,7,22,0.0,4306
3,17,1,7,23,0.0,4601
3,18,1,1,0,0.0,4088
3,18,1,1,1,0.0,4054
3,18,1,1,2,0.0,3840
3,18,1,1,3,0.0,3816
3,18,1,1,4,0.0,3768
3,18,1,1,5,0.0,3486
3,18,1,1,6,0.0,3350
3,18,1,1,7,0.0,3294
3,18,1,1,8,0.0,3377
3,18,1,1,9,0.0,3555
3,18,1,1,10,0.0,3664
3,18,1,1,11,0.0,3778
3,18,1,1,12,0.0,3680
3,18,1,1,13,0.0,3599
3,18,1,1,14,0.0,3650
3,18,1,1,15,0.0,3680
3,18,1,1,16,0.0,3884
3,18,1,1,17,0.0,4178
3,18,1,1,18,0.0,4322
3,18,1,1,19,0.0,4270
3,18,1,1,20,0.5,4261
3,18,1,1,21,0.5,4197
3,18,1,1,22,1.25,4006
3,18,1,1,23,1.0,3907
3,19,0,2,5,1.0,5978
3,19,0,2,6,2.0,5266
3,19,0,2,7,2.5,4783
3,19,0,2,8,2.0,4432
3,19,0,2,9,1.75,4158
3,19,0,2,10,2.0,4523
3,19,0,2,11,3.25,4352
3,19,0,2,12,0.75,4341
3,19,0,2,13,1.0,4117
3,19,0,2,14,0.5,3963
3,19,0,2,15,0.25,4499
3,19,0,2,16,0.0,4442
3,19,0,2,17,0.75,4349
3,19,0,2,18,0.0,4462
3,19,0,2,19,0.0,4331
3,19,0,2,20,0.75,4187
3,19,0,2,21,0.0,4226
3,19,0,2,22,0.25,4265
3,19,0,2,23,0.5,3942
3,20,0,3,0,0.0,3525
3,20,0,3,1,0.0,3574
3,20,0,3,2,0.0,3624
3,20,0,3,3,0.0,3673
3,20,0,3,4,0.0,3784
3,20,0,3,5,0.0,3894
3,20,0,3,6,0.0,3843
3,20,0,3,7,0.0,3792
3,20,0,3,8,0.0,3827
3,20,0,3,9,0.0,3687
3,20,0,3,10,0.0,3819
3,20,0,3,11,0.0,3906
3,20,0,3,12,0.0,4116
3,20,0,3,13,0.0,4327
3,20,0,3,14,0.0,4537
3,20,0,3,15,0.0,4925
3,20,0,3,16,0.0,4868
3,20,0,3,17,0.0,4501
3,20,0,3,18,0.0,4230
3,20,0,3,19,0.0,4328
3,20,0,3,20,0.0,4275
3,20,0,3,21,0.0,4067
3,20,0,3,22,0.0,4009
3,20,0,3,23,0.75,3951
3,21,0,4,3,1.25,4313
3,21,0,4,4,1.75,4291
3,21,0,4,5,1.25,4254
3,21,0,4,6,1.5,4207
3,21,0,4,7,1.0,4152
3,21,0,4,8,0.25,3980
3,21,0,4,9,0.0,3884
3,21,0,4,10,0.5,3900
3,21,0,4,11,1.0,3836
3,21,0,4,12,0.75,4075
3,21,0,4,13,0.75,3958
3,21,0,4,14,0.75,3910
3,21,0,4,15,0.75,3831
3,21,0,4,16,0.75,3919
3,21,0,4,17,0.0,3841
3,21,0,4,18,0.25,3891
3,21,0,4,19,0.25,4007
3,21,0,4,20,0.0,4022
3,21,0,4,21,0.0,3915
3,21,0,4,22,0.0,3842
3,21,0,4,23,0.0,3724
3,22,0,5,5,0.0,3115
3,22,0,5,6,0.0,3091
3,22,0,5,7,0.0,3158
3,22,0,5,8,0.0,3330
3,22,0,5,9,0.0,3435
3,22,0,5,10,0.0,3539
3,22,0,5,11,0.0,3698
3,22,0,5,12,0.0,3791
3,22,0,5,13,0.0,3961
3,22,0,5,14,0.0,4033
3,22,0,5,15,0.0,4197
3,22,0,5,16,0.0,4119
3,22,0,5,17,0.0,4204
3,22,0,5,18,0.0,4041
3,22,0,5,19,0.0,4040
3,22,0,5,20,0.0,3962
3,22,0,5,21,0.0,3841
3,22,0,5,22,0.0,3830
3,22,0,5,23,0.0,3819
3,23,0,6,0,0.0,3506
3,23,0,6,1,0.0,3577
3,23,0,6,2,0.0,4214
3,23,0,6,3,0.0,4289
3,23,0,6,4,0.0,4365
3,23,0,6,5,0.0,4440
3,23,0,6,6,0.0,4180
3,23,0,6,7,0.0,4069
3,23,0,6,8,0.0,3910
3,23,0,6,9,0.0,3823
3,23,0,6,10,0.0,3909
3,23,0,6,11,0.0,3871
3,23,0,6,12,0.0,4310
3,23,0,6,13,0.0,4577
3,23,0,6,14,0.0,4694
3,23,0,6,15,0.0,4446
3,23,0,6,16,0.0,4478
3,23,0,6,17,0.0,4348
3,23,0,6,18,0.0,4292
3,23,0,6,19,0.0,4108
3,23,0,6,20,0.0,4270
3,23,0,6,21,0.0,4082
3,23,0,6,22,0.0,3974
3,24,1,7,0,0.0,2900
3,24,1,7,1,0.0,2947
3,24,1,7,2,0.0,2994
3,24,1,7,3,0.0,3159
3,24,1,7,4,0.0,3324
3,24,1,7,5,0.0,3489
3,24,1,7,6,0.0,3413
3,24,1,7,7,0.0,3336
3,24,1,7,8,0.0,3329
3,24,1,7,9,0.0,3540
3,24,1,7,10,0.0,3728
3,24,1,7,11,0.0,3849
3,24,1,7,12,0.0,3896
3,24,1,7,13,0.0,3772
3,24,1,7,14,0.0,3688
3,24,1,7,15,0.0,4104
3,24,1,7,16,0.0,4195
3,24,1,7,17,0.0,4071
3,24,1,7,18,0.0,4025
3,24,1,7,19,0.0,4078
3,24,1,7,20,0.0,4075
3,24,1,7,21,0.0,4372
3,24,1,7,22,0.0,4159
3,24,1,7,23,0.0,4222
3,25,1,1,4,0.0,10103
3,25,1,1,5,0.0,9136
3,25,1,1,6,0.0,8168
3,25,1,1,7,0.0,6654
3,25,1,1,8,0.0,5537
3,25,1,1,9,0.0,4925
3,25,1,1,10,0.0,4781
3,25,1,1,11,0.0,4376
3,25,1,1,12,0.0,4263
3,25,1,1,13,0.0,4034
3,25,1,1,14,0.0,4091
3,25,1,1,15,0.0,4681
3,25,1,1,16,0.0,4775
3,25,1,1,17,0.0,4985
3,25,1,1,18,0.0,4625
3,25,1,1,19,0.0,4466
3,25,1,1,20,0.0,4306
3,25,1,1,21,0.0,4061
3,25,1,1,22,0.0,4021
3,26,0,2,3,0.0,3197
3,26,0,2,4,0.0,3427
3,26,0,2,5,0.0,3411
3,26,0,2,6,0.0,3404
3,26,0,2,7,0.0,3405
3,26,0,2,8,0.0,3399
3,26,0,2,9,0.0,3645
3,26,0,2,10,0.0,3754
3,26,0,2,11,0.0,4018
3,26,0,2,12,0.0,4107
3,26,0,2,13,0.0,4224
3,26,0,2,14,0.0,3954
3,26,0,2,15,0.0,3940
3,26,0,2,16,0.0,4503
3,26,0,2,17,0.0,4498
3,26,0,2,18,0.0,4217
3,26,0,2,19,0.0,3988
3,26,0,2,20,0.0,4093
3,26,0,2,21,0.0,4023
3,26,0,2,22,0.0,3785
3,27,0,3,0,0.0,3265
3,27,0,3,1,0.0,3317
3,27,0,3,2,0.0,3368
3,27,0,3,3,0.0,3420
3,27,0,3,4,0.0,3414
3,27,0,3,5,0.0,3407
3,27,0,3,6,0.0,3401
3,27,0,3,7,0.0,3582
3,27,0,3,8,0.0,3524
3,27,0,3,9,0.0,3533
3,27,0,3,10,0.0,3548
3,27,0,3,11,0.0,3598
3,27,0,3,12,0.0,3699
3,27,0,3,13,0.0,3677
3,27,0,3,14,0.0,3867
3,27,0,3,15,0.0,3853
3,27,0,3,16,0.0,3906
3,27,0,3,17,0.0,4032
3,27,0,3,18,0.0,3965
3,27,0,3,19,0.0,3848
3,27,0,3,20,0.0,3757
3,27,0,3,21,0.0,3943
3,27,0,3,22,0.0,3772
3,27,0,3,23,0.0,3648
3,28,0,4,0,0.0,4567
3,28,0,4,1,0.0,4661
3,28,0,4,2,0.0,5257
3,28,0,4,3,0.0,4853
3,28,0,4,4,0.0,4777
3,28,0,4,5,0.0,4369
3,28,0,4,6,0.0,4071
3,28,0,4,7,0.0,3875
3,28,0,4,8,0.0,3815
3,28,0,4,9,0.0,3711
3,28,0,4,10,0.0,3785
3,28,0,4,11,0.0,3768
3,28,0,4,12,0.0,3977
3,28,0,4,13,0.0,4070
3,28,0,4,14,0.0,3936
3,28,0,4,15,0.0,3878
3,28,0,4,16,0.0,4284
3,28,0,4,17,0.0,4496
3,28,0,4,18,0.0,4483
3,28,0,4,19,0.0,4565
3,28,0,4,20,0.0,4963
3,28,0,4,21,0.0,4699
3,28,0,4,22,0.0,4573
3,30,0,6,5,0.0,3625
3,30,0,6,6,0.0,3668
3,30,0,6,7,0.0,3711
3,30,0,6,8,0.0,3711
3,30,0,6,9,0.0,3710
3,30,0,6,10,0.0,3690
3,30,0,6,11,0.0,3858
3,30,0,6,12,0.0,3777
3,30,0,6,13,0.0,4269
3,30,0,6,14,0.0,4095
3,30,0,6,15,0.0,4447
3,30,0,6,16,0.0,4542
3,30,0,6,17,0.0,4223
3,30,0,6,18,0.0,4104
3,30,0,6,19,0.0,4193
3,30,0,6,20,0.0,4426
3,30,0,6,21,0.0,4180
3,30,0,6,22,0.0,3928
3,31,1,7,0,0.0,3493
3,31,1,7,1,0.0,3773
3,31,1,7,2,0.0,3479
3,31,1,7,3,0.0,3537
3,31,1,7,4,0.0,3595
3,31,1,7,5,0.0,3653
3,31,1,7,6,0.0,3817
3,31,1,7,7,0.0,3775
3,31,1,7,8,0.0,3732
3,31,1,7,9,0.0,3708
3,31,1,7,10,0.0,3822
3,31,1,7,11,0.0,4100
3,31,1,7,12,0.0,4242
3,31,1,7,13,0.0,4239
3,31,1,7,14,0.0,4425
3,31,1,7,15,0.0,4417
3,31,1,7,16,0.0,4531
3,31,1,7,17,0.0,4755
3,31,1,7,18,0.0,4439
3,31,1,7,19,0.0,4143
3,31,1,7,20,0.0,4192
3,31,1,7,21,0.0,4159
3,31,1,7,22,0.0,3994
3,31,1,7,23,0.0,3645
4,1,1,1,4,0.0,3633
4,1,1,1,5,0.0,3631
4,1,1,1,6,0.0,3620
4,1,1,1,7,0.0,3542
4,1,1,1,8,0.0,3422
4,1,1,1,9,0.0,3563
4,1,1,1,10,0.0,3574
4,1,1,1,11,0.0,3466
4,1,1,1,12,0.0,3751
4,1,1,1,13,0.0,4017
4,1,1,1,14,0.0,4060
4,1,1,1,15,0.0,3989
4,1,1,1,16,0.0,4050
4,1,1,1,17,0.0,4125
4,1,1,1,18,0.0,4139
4,1,1,1,19,0.0,4054
4,1,1,1,20,0.0,4106
4,1,1,1,21,0.0,4122
4,1,1,1,22,0.0,3933
4,1,1,1,23,0.0,3763
4,2,0,2,4,0.0,6373
4,2,0,2,5,0.0,5553
4,2,0,2,6,0.0,4876
4,2,0,2,7,0.0,4447
4,2,0,2,8,0.0,4141
4,2,0,2,9,0.0,4038
4,2,0,2,10,0.0,3975
4,2,0,2,11,0.0,3884
4,2,0,2,12,0.0,3960
4,2,0,2,13,0.0,4074
4,2,0,2,14,0.0,4024
4,2,0,2,15,0.0,3909
4,2,0,2,16,0.0,3991
4,2,0,2,17,0.0,3938
4,2,0,2,18,0.0,3879
4,2,0,2,19,0.0,3836
4,2,0,2,20,0.0,3873
4,2,0,2,21,0.0,3582
4,2,0,2,22,0.0,3878
4,3,0,3,0,0.0,3194
4,3,0,3,1,0.0,3209
4,3,0,3,2,0.0,3223
4,3,0,3,3,0.0,3244
4,3,0,3,4,0.0,3265
4,3,0,3,5,0.0,3286
4,3,0,3,6,0.0,3324
4,3,0,3,7,0.0,3312
4,3,0,3,8,0.0,3512
4,3,0,3,9,0.0,3482
4,3,0,3,10,0.0,3671
4,3,0,3,11,0.0,3571
4,3,0,3,12,0.0,3585
4,3,0,3,13,0.0,3781
4,3,0,3,14,0.0,3738
4,3,0,3,15,0.0,3651
4,3,0,3,16,0.0,4220
4,3,0,3,17,0.0,4111
4,3,0,3,18,0.0,3971
4,3,0,3,19,0.0,4132
4,3,0,3,20,0.0,3924
4,3,0,3,21,0.0,4024
4,3,0,3,22,0.0,3954
4,3,0,3,23,0.0,3678
4,4,0,4,2,0.0,3688
4,4,0,4,9,0.0,3708
4,4,0,4,10,3.5,3739
4,4,0,4,11,1.75,3733
4,4,0,4,12,1.0,3975
4,4,0,4,13,1.0,4012
4,4,0,4,14,0.5,4225
4,4,0,4,15,0.5,4151
4,4,0,4,16,0.25,4093
4,4,0,4,17,0.5,3980
4,4,0,4,18,0.0,3977
4,4,0,4,19,0.0,3915
4,4,0,4,20,0.0,3709
4,4,0,4,21,0.0,3883
4,4,0,4,22,0.0,3899
4,5,0,5,2,0.25,3105
4,5,0,5,3,0.5,3027
4,5,0,5,4,0.0,3037
4,5,0,5,5,0.0,3046
4,5,0,5,6,0.0,3137
4,5,0,5,7,0.25,3385
4,5,0,5,8,0.25,3557
4,5,0,5,9,0.0,3608
4,5,0,5,10,0.0,3595
4,5,0,5,11,0.0,3630
4,5,0,5,12,0.0,3515
4,5,0,5,13,0.0,3545
4,5,0,5,14,0.0,3498
4,5,0,5,15,0.0,3561
4,5,0,5,16,0.0,3502
4,5,0,5,17,0.25,3621
4,5,0,5,18,0.0,3545
4,5,0,5,19,0.0,3614
4,5,0,5,20,0.0,3664
4,5,0,5,21,0.75,3984
4,5,0,5,22,2.0,3695
4,5,0,5,23,0.5,4038
4,6,0,6,0,1.25,3789
4,6,0,6,1,1.25,3851
4,6,0,6,2,0.25,3912
4,6,0,6,3,1.25,3941
4,6,0,6,4,1.5,3905
4,6,0,6,5,4.75,3822
4,6,0,6,6,3.0,3707
4,6,0,6,7,4.25,3625
4,6,0,6,8,2.5,3653
4,6,0,6,9,0.5,3955
4,6,0,6,10,0.5,3895
4,6,0,6,11,0.25,4002
4,6,0,6,12,0.0,3905
4,6,0,6,13,0.0,4044
4,6,0,6,14,0.0,4056
4,6,0,6,15,0.0,4069
4,6,0,6,16,0.0,4361
4,6,0,6,17,0.0,4219
4,6,0,6,18,0.0,4075
4,6,0,6,19,0.0,4358
4,6,0,6,20,0.0,4318
4,6,0,6,21,0.0,4287
4,6,0,6,22,0.0,4211
4,6,0,6,23,0.0,3908
4,7,1,7,0,0.0,3089
4,7,1,7,1,0.0,5698
4,7,1,7,2,0.0,5630
4,7,1,7,3,0.0,5514
4,7,1,7,4,0.0,5365
4,7,1,7,5,0.0,5192
4,7,1,7,6,0.0,4801
4,7,1,7,7,0.0,4458
4,7,1,7,8,0.0,4237
4,7,1,7,9,0.0,4266
4,7,1,7,10,0.0,4109
4,7,1,7,11,0.0,4175
4,7,1,7,12,0.0,4123
4,7,1,7,13,0.0,4052
4,7,1,7,14,0.0,4461
4,7,1,7,15,0.0,4359
4,7,1,7,16,0.0,4587
4,7,1,7,17,0.0,4550
4,7,1,7,18,0.0,4686
4,7,1,7,19,0.0,4779
4,7,1,7,20,0.0,4420
4,7,1,7,21,0.0,4299
4,7,1,7,22,0.0,4256
4,7,1,7,23,0.0,3981
4,8,1,1,0,0.0,4215
4,8,1,1,1,0.0,4033
4,8,1,1,2,0.0,3683
4,8,1,1,3,0.0,3655
4,8,1,1,4,0.0,3607
4,8,1,1,5,0.0,3546
4,8,1,1,6,0.0,3475
4,8,1,1,7,0.0,3331
4,8,1,1,8,0.0,3222
4,8,1,1,9,0.0,3234
4,8,1,1,10,0.0,3698
4,8,1,1,11,0.0,3758
4,8,1,1,12,0.0,3734
4,8,1,1,13,0.0,3843
4,8,1,1,14,0.0,4097
4,8,1,1,15,0.0,4190
4,8,1,1,16,0.0,4215
4,8,1,1,17,0.0,4231
4,8,1,1,18,0.0,4281
4,8,1,1,19,0.0,4175
4,8,1,1,20,0.0,4186
4,8,1,1,21,0.0,4007
4,8,1,1,22,0.0,3934
4,8,1,1,23,0.0,3799
4,9,0,2,0,0.0,3489
4,9,0,2,1,0.0,3481
4,9,0,2,2,0.0,3472
4,9,0,2,3,0.0,3452
4,9,0,2,4,0.0,3437
4,9,0,2,5,0.0,3421
4,9,0,2,6,0.0,3456
4,9,0,2,7,0.0,3344
4,9,0,2,8,0.0,3292
4,9,0,2,9,0.0,3444
4,9,0,2,10,0.0,3467
4,9,0,2,11,0.0,3571
4,9,0,2,12,0.0,3801
4,9,0,2,13,0.0,3851
4,9,0,2,14,0.0,4363
4,9,0,2,15,0.0,5009
4,9,0,2,16,0.0,4582
4,9,0,2,17,0.0,4222
4,9,0,2,18,0.0,3975
4,9,0,2,19,0.0,3902
4,9,0,2,20,0.0,3997
4,9,0,2,21,0.0,3775
4,9,0,2,22,0.0,3534
4,9,0,2,23,0.0,3953
4,10,0,3,0,0.0,3051
4,10,0,3,1,0.0,3180
4,10,0,3,2,0.0,3186
4,10,0,3,3,0.0,3192
4,10,0,3,4,0.0,3206
4,10,0,3,5,0.0,3217
4,10,0,3,6,0.0,3228
4,10,0,3,7,0.0,3441
4,10,0,3,8,0.0,3791
4,10,0,3,9,0.0,4012
4,10,0,3,10,0.0,3915
4,10,0,3,11,0.0,4205
4,10,0,3,12,0.0,4380
4,10,0,3,13,0.0,4550
4,10,0,3,14,0.0,4518
4,10,0,3,15,0.0,4817
4,10,0,3,16,0.0,4794
4,10,0,3,17,0.0,4644
4,10,0,3,18,0.0,4330
4,10,0,3,19,0.0,4343
4,10,0,3,20,0.0,4268
4,10,0,3,21,0.0,4378
4,10,0,3,22,0.0,4389
4,10,0,3,23,0.0,4572
4,11,0,4,1,0.0,3516
4,11,0,4,2,0.0,3532
4,11,0,4,3,0.0,3559
4,11,0,4,4,1.0,3705
4,11,0,4,5,0.0,3593
4,11,0,4,6,0.0,3554
4,11,0,4,7,0.0,3571
4,11,0,4,8,0.0,3603
4,11,0,4,9,0.0,3792
4,11,0,4,10,0.0,4132
4,11,0,4,11,0.0,3921
4,11,0,4,12,0.0,3786
4,11,0,4,13,0.0,3700
4,11,0,4,14,0.0,3993
4,11,0,4,15,0.0,4427
4,11,0,4,16,0.0,4393
4,11,0,4,17,0.0,4304
4,11,0,4,18,0.0,4093
4,11,0,4,19,0.0,4033
4,11,0,4,20,0.0,4172
4,11,0,4,21,0.0,4209
4,11,0,4,22,0.0,4174
4,11,0,4,23,0.0,3951
4,12,0,5,2,0.0,3141
4,12,0,5,3,0.0,3139
4,12,0,5,4,0.0,3135
4,12,0,5,5,0.0,3116
4,12,0,5,6,0.0,3128
4,12,0,5,7,0.0,3180
4,12,0,5,8,0.0,3231
4,12,0,5,9,0.0,3257
4,12,0,5,10,0.0,3418
4,12,0,5,11,0.0,3604
4,12,0,5,12,0.0,3638
4,12,0,5,13,0.0,3643
4,12,0,5,14,0.0,3759
4,12,0,5,15,0.0,3757
4,12,0,5,16,0.0,3747
4,12,0,5,17,0.0,3748
4,12,0,5,18,0.0,3829
4,12,0,5,19,0.0,3846
4,12,0,5,20,0.0,3862
4,12,0,5,21,0.0,3885
4,12,0,5,22,0.0,3857
4,12,0,5,23,0.0,4090
4,13,0,6,0,0.0,3786
4,13,0,6,1,0.0,3883
4,13,0,6,4,0.0,3610
4,13,0,6,7,0.0,3336
4,13,0,6,8,0.0,3569
4,13,0,6,9,0.0,3800
4,13,0,6,10,0.0,3721
4,13,0,6,11,0.0,3608
4,13,0,6,12,0.0,3607
4,13,0,6,13,0.0,3601
4,13,0,6,14,0.0,3587
4,13,0,6,15,0.0,3688
4,13,0,6,16,0.0,4133
4,13,0,6,17,0.0,4034
4,13,0,6,18,0.0,4102
4,13,0,6,19,0.0,4087
4,13,0,6,20,0.0,4242
4,13,0,6,21,0.0,4464
4,13,0,6,22,0.0,4089
4,13,0,6,23,0.0,3839
4,14,1,7,1,0.0,3809
4,14,1,7,2,0.0,4793
4,14,1,7,3,0.0,4742
4,14,1,7,4,0.0,4654
4,14,1,7,5,0.0,4181
4,14,1,7,6,0.0,4083
4,14,1,7,7,0.0,4111
4,14,1,7,8,2.25,4138
4,14,1,7,9,2.5,4418
4,14,1,7,10,2.25,4294
4,14,1,7,11,3.5,4406
4,14,1,7,12,2.75,4761
4,14,1,7,13,2.5,4756
4,14,1,7,14,3.0,4591
4,14,1,7,15,2.0,4719
4,14,1,7,16,0.0,4543
4,14,1,7,17,0.25,4314
4,14,1,7,18,0.0,4470
4,14,1,7,19,0.0,4130
4,14,1,7,20,0.0,4066
4,14,1,7,21,0.0,4087
4,14,1,7,22,0.0,3906
4,14,1,7,23,0.0,3773
4,15,1,1,0,0.0,3202
4,15,1,1,1,0.0,3207
4,15,1,1,2,0.0,3211
4,15,1,1,3,0.0,3222
4,15,1,1,4,0.0,3231
4,15,1,1,5,0.0,3239
4,15,1,1,6,0.0,3227
4,15,1,1,7,0.0,3319
4,15,1,1,8,0.0,3423
4,15,1,1,9,0.0,3605
4,15,1,1,10,0.0,3814
4,15,1,1,11,0.0,3890
4,15,1,1,12,0.0,3940
4,15,1,1,13,0.0,4031
4,15,1,1,14,0.0,4069
4,15,1,1,15,0.0,4059
4,15,1,1,16,0.0,3962
4,15,1,1,17,0.0,4010
4,15,1,1,18,0.0,3979
4,15,1,1,19,0.0,3875
4,15,1,1,20,0.0,3825
4,15,1,1,21,0.0,4037
4,15,1,1,22,0.0,3898
4,15,1,1,23,0.0,4082
4,16,0,2,1,0.0,3661
4,16,0,2,2,0.0,3655
4,16,0,2,3,0.0,3645
4,16,0,2,4,0.0,3588
4,16,0,2,5,0.0,3581
4,16,0,2,6,0.0,3513
4,16,0,2,7,0.0,3423
4,16,0,2,8,0.0,3411
4,16,0,2,9,0.0,3427
4,16,0,2,10,0.0,3485
4,16,0,2,11,0.0,3685
4,16,0,2,12,0.0,3848
4,16,0,2,13,0.0,3952
4,16,0,2,14,0.0,4077
4,16,0,2,15,0.0,4578
4,16,0,2,16,0.0,4927
4,16,0,2,17,0.0,4602
4,16,0,2,18,0.0,4259
4,16,0,2,19,0.0,4106
4,16,0,2,20,0.0,4137
4,16,0,2,21,0.0,4097
4,16,0,2,22,0.0,3842
4,16,0,2,23,0.0,3830
4,17,0,3,0,0.0,3900
4,17,0,3,1,0.0,3916
4,17,0,3,2,0.0,3772
4,17,0,3,3,0.0,3747
4,17,0,3,4,0.0,3705
4,17,0,3,5,0.0,3476
4,17,0,3,6,0.0,3506
4,17,0,3,7,0.0,3614
4,17,0,3,8,0.0,3690
4,17,0,3,9,0.0,3680
4,17,0,3,10,0.0,3676
4,17,0,3,11,0.0,3769
4,17,0,3,12,0.0,3765
4,17,0,3,13,0.0,3936
4,17,0,3,14,0.0,3992
4,17,0,3,15,0.0,4028
4,17,0,3,16,0.0,4204
4,17,0,3,17,0.0,4095
4,17,0,3,18,0.0,3976
4,17,0,3,19,0.0,3901
4,17,0,3,20,0.0,3923
4,17,0,3,21,0.0,3909
4,17,0,3,22,0.0,3884
4,17,0,3,23,0.0,3751
4,18,0,4,0,0.0,6787
4,18,0,4,1,0.0,6725
4,18,0,4,2,0.0,6663
4,18,0,4,3,0.0,6082
4,18,0,4,4,0.0,5434
4,18,0,4,5,0.0,4931
4,18,0,4,6,0.0,4500
4,18,0,4,7,0.0,4276
4,18,0,4,8,0.0,4175
4,18,0,4,9,0.0,4194
4,18,0,4,10,0.0,4042
4,18,0,4,11,0.0,4160
4,18,0,4,12,0.0,4043
4,18,0,4,13,0.0,3942
4,18,0,4,14,0.0,4041
4,18,0,4,15,0.0,3943
4,18,0,4,16,0.0,4099
4,18,0,4,17,0.0,4406
4,18,0,4,18,0.0,4301
4,18,0,4,19,0.0,4173
4,18,0,4,20,0.0,3892
4,18,0,4,21,0.0,3790
4,18,0,4,22,0.0,3687
4,18,0,4,23,0.0,3511
4,19,0,5,0,0.0,3114
4,19,0,5,1,0.0,2998
4,19,0,5,2,0.0,2995
4,19,0,5,3,0.0,2992
4,19,0,5,4,0.0,2984
4,19,0,5,5,0.0,2978
4,19,0,5,6,0.0,2972
4,19,0,5,7,0.0,3066
4,19,0,5,8,0.0,3209
4,19,0,5,9,0.0,3669
4,19,0,5,10,0.0,3694
4,19,0,5,11,0.0,3735
4,19,0,5,12,0.0,3700
4,19,0,5,13,0.0,3813
4,19,0,5,14,0.0,3743
4,19,0,5,15,0.0,3813
4,19,0,5,16,0.0,3852
4,19,0,5,17,0.0,3891
4,19,0,5,18,0.0,3788
4,19,0,5,19,0.0,3797
4,19,0,5,20,0.0,3822
4,19,0,5,21,0.0,3899
4,19,0,5,22,0.0,3605
4,19,0,5,23,0.0,3710
4,20,0,6,1,0.0,3728
4,20,0,6,2,0.0,3730
4,20,0,6,3,0.0,3733
4,20,0,6,4,0.0,3751
4,20,0,6,5,0.0,3738
4,20,0,6,6,0.0,3660
4,20,0,6,7,0.0,3539
4,20,0,6,8,0.0,4049
4,20,0,6,9,0.0,3912
4,20,0,6,10,0.0,3757
4,20,0,6,11,0.0,3728
4,20,0,6,12,0.0,3816
4,20,0,6,13,0.0,3773
4,20,0,6,14,0.0,3852
4,20,0,6,15,0.0,4193
4,20,0,6,16,0.0,4028
4,20,0,6,17,0.0,4188
4,20,0,6,18,0.0,4177
4,20,0,6,19,0.0,4903
4,20,0,6,20,0.0,4886
4,20,0,6,21,0.0,4833
4,20,0,6,22,0.0,4574
4,20,0,6,23,0.0,4428
4,21,1,7,1,0.0,5068
4,21,1,7,2,0.0,4716
4,21,1,7,3,0.0,4572
4,21,1,7,4,0.0,4428
4,21,1,7,5,0.0,4284
4,21,1,7,6,0.0,4102
4,21,1,7,7,0.0,3919
4,21,1,7,8,0.0,3894
4,21,1,7,9,0.0,3741
4,21,1,7,10,0.0,3983
4,21,1,7,11,0.0,3943
4,21,1,7,12,0.0,4002
4,21,1,7,13,0.0,3975
4,21,1,7,14,0.0,4043
4,21,1,7,15,0.0,4238
4,21,1,7,16,0.0,4126
4,21,1,7,17,0.0,4161
4,21,1,7,18,0.0,4412
4,21,1,7,19,0.0,4163
4,21,1,7,20,0.0,3909
4,21,1,7,21,0.0,3726
4,21,1,7,22,0.0,3698
4,21,1,7,23,0.0,3557
4,22,1,1,0,0.0,3260
4,22,1,1,1,0.0,3176
4,22,1,1,2,0.0,3175
4,22,1,1,3,0.0,3469
4,22,1,1,4,0.0,3437
4,22,1,1,5,0.0,3404
4,22,1,1,6,0.0,3372
4,22,1,1,7,0.0,3586
4,22,1,1,8,0.0,3705
4,22,1,1,9,0.0,3547
4,22,1,1,10,0.0,3608
4,22,1,1,11,0.0,3755
4,22,1,1,12,0.0,3964
4,22,1,1,13,0.0,3898
4,22,1,1,14,0.0,3805
4,22,1,1,15,0.0,3859
4,22,1,1,16,0.0,3874
4,22,1,1,17,0.0,3906
4,22,1,1,18,0.0,3939
4,22,1,1,19,0.0,3928
4,22,1,1,20,0.0,4161
4,22,1,1,21,0.0,4037
4,22,1,1,22,0.0,3866
4,22,1,1,23,0.0,3929
4,23,0,2,0,0.0,3375
4,23,0,2,1,0.0,3589
4,23,0,2,2,0.0,3803
4,23,0,2,3,0.0,3829
4,23,0,2,4,0.0,3856
4,23,0,2,5,0.0,3882
4,23,0,2,6,0.5,4332
4,23,0,2,7,1.5,4110
4,23,0,2,8,0.5,3901
4,23,0,2,9,0.25,3882
4,23,0,2,10,1.75,3921
4,23,0,2,11,1.75,3763
4,23,0,2,12,2.0,4083
4,23,0,2,13,2.25,4197
4,23,0,2,14,1.5,4031
4,23,0,2,15,2.5,3962
4,23,0,2,16,2.0,3892
4,23,0,2,17,2.5,3965
4,23,0,2,18,2.0,4006
4,23,0,2,19,3.25,3994
4,23,0,2,20,4.0,3947
4,23,0,2,21,3.75,3901
4,23,0,2,22,3.75,3854
4,24,0,3,0,1.5,4348
4,24,0,3,1,0.75,4345
4,24,0,3,2,2.0,4343
4,24,0,3,3,6.25,4340
4,24,0,3,4,2.75,4337
4,24,0,3,5,1.5,4217
4,24,0,3,6,1.0,4356
4,24,0,3,7,2.25,4494
4,24,0,3,8,2.0,4633
4,24,0,3,9,0.5,4915
4,24,0,3,10,1.0,4804
4,24,0,3,11,0.5,4692
4,24,0,3,12,0.0,4310
4,24,0,3,13,0.0,4279
4,24,0,3,14,0.0,4248
4,24,0,3,15,0.0,4023
4,24,0,3,16,0.0,3885
4,24,0,3,17,0.0,3971
4,24,0,3,18,0.0,3850
4,24,0,3,19,0.0,3774
4,24,0,3,20,0.0,3747
4,24,0,3,21,0.0,3719
4,24,0,3,22,0.0,3658
4,25,0,4,6,0.0,3216
4,25,0,4,7,0.0,3375
4,25,0,4,8,0.0,3534
4,25,0,4,9,0.0,3759
4,25,0,4,10,0.0,3756
4,25,0,4,11,0.0,3942
4,25,0,4,12,0.0,4174
4,25,0,4,13,0.0,4225
4,25,0,4,14,0.0,4090
4,25,0,4,15,0.0,4221
4,25,0,4,16,0.0,4100
4,25,0,4,17,0.0,3979
4,25,0,4,18,0.0,3879
4,25,0,4,19,0.0,3852
4,25,0,4,20,0.0,3938
4,25,0,4,21,0.0,4072
4,25,0,4,22,0.0,3845
4,26,0,5,2,0.0,2999
4,26,0,5,3,0.0,3119
4,26,0,5,4,0.0,3239
4,26,0,5,5,0.0,3358
4,26,0,5,6,0.0,3478
4,26,0,5,7,0.0,3453
4,26,0,5,8,0.0,3621
4,26,0,5,9,0.0,4518
4,26,0,5,10,0.0,4354
4,26,0,5,11,0.0,4122
4,26,0,5,12,0.0,4425
4,26,0,5,13,0.0,4586
4,26,0,5,14,0.0,4643
4,26,0,5,15,0.0,5048
4,26,0,5,16,0.0,5152
4,26,0,5,17,0.0,4827
4,26,0,5,18,0.0,4496
4,26,0,5,19,0.0,4437
4,26,0,5,20,0.0,4247
4,26,0,5,21,0.0,4057
4,26,0,5,22,0.0,3896
4,26,0,5,23,0.0,3735
4,27,0,6,6,0.0,3869
4,27,0,6,7,0.0,3659
4,27,0,6,8,0.0,3626
4,27,0,6,9,0.0,3592
4,27,0,6,10,0.0,3583
4,27,0,6,11,0.0,3693
4,27,0,6,12,0.0,3879
4,27,0,6,13,0.0,4000
4,27,0,6,14,0.0,4153
4,27,0,6,15,0.0,4231
4,27,0,6,16,0.0,4834
4,27,0,6,17,0.0,4511
4,27,0,6,18,0.0,4879
4,27,0,6,19,0.0,4955
4,27,0,6,20,0.0,5122
4,27,0,6,21,0.0,5347
4,27,0,6,22,0.0,5140
4,27,0,6,23,0.0,4906
4,28,1,7,5,0.0,3834
4,28,1,7,6,0.0,3810
4,28,1,7,7,0.0,3785
4,28,1,7,8,0.0,3989
4,28,1,7,9,0.0,3863
4,28,1,7,10,0.0,4082
4,28,1,7,11,0.0,4162
4,28,1,7,12,0.0,4227
4,28,1,7,13,0.0,4348
4,28,1,7,14,0.0,4203
4,28,1,7,15,0.0,4126
4,28,1,7,16,0.0,4140
4,28,1,7,17,0.0,4095
4,28,1,7,18,0.0,4003
4,28,1,7,19,0.0,4215
4,28,1,7,20,0.0,4230
4,28,1,7,21,0.0,4178
4,28,1,7,22,0.0,4207
4,28,1,7,23,0.0,4259
4,29,1,1,3,0.0,3987
4,29,1,1,4,0.0,3913
4,29,1,1,5,0.0,3838
4,29,1,1,6,0.0,3764
4,29,1,1,7,0.0,3572
4,29,1,1,8,0.0,3457
4,29,1,1,9,0.0,3675
4,29,1,1,10,0.0,3884
4,29,1,1,11,0.0,3939
4,29,1,1,12,0.0,4051
4,29,1,1,13,0.0,4016
4,29,1,1,14,0.0,4118
4,29,1,1,15,0.0,4463
4,29,1,1,16,0.0,4621
4,29,1,1,17,0.0,4765
4,29,1,1,18,0.0,4911
4,29,1,1,19,0.0,4680
4,29,1,1,20,0.0,4405
4,29,1,1,21,0.0,4138
4,29,1,1,22,0.0,4080
4,29,1,1,23,0.0,4550
4,30,0,2,0,0.0,3246
4,30,0,2,1,0.0,3320
4,30,0,2,2,0.0,3511
4,30,0,2,3,0.0,3356
4,30,0,2,4,0.0,3377
4,30,0,2,5,0.0,3370
4,30,0,2,6,0.0,3442
4,30,0,2,7,0.0,3513
4,30,0,2,8,0.0,3480
4,30,0,2,9,0.0,3464
4,30,0,2,10,0.0,3662
4,30,0,2,11,0.0,3882
4,30,0,2,12,0.0,3944
4,30,0,2,13,0.0,4072
4,30,0,2,14,0.0,4289
4,30,0,2,15,0.0,4354
4,30,0,2,16,0.0,4419
4,30,0,2,17,0.0,4268
4,30,0,2,18,0.0,4259
4,30,0,2,19,0.0,4359
4,30,0,2,20,0.0,4190
4,30,0,2,21,0.0,4020
4,30,0,2,22,0.0,3937
4,30,0,2,23,0.0,3853
5,1,0,3,5,0.0,3244
5,1,0,3,6,0.0,3386
5,1,0,3,7,0.0,3395
5,1,0,3,8,0.0,3451
5,1,0,3,9,0.0,3458
5,1,0,3,10,0.0,3752
5,1,0,3,11,0.0,4228
5,1,0,3,12,0.0,4263
5,1,0,3,13,0.0,3983
5,1,0,3,14,0.0,3908
5,1,0,3,15,0.0,3764
5,1,0,3,16,0.0,3675
5,1,0,3,17,0.0,3616
5,1,0,3,18,0.0,3607
5,1,0,3,19,0.0,3835
5,1,0,3,20,0.0,3954
5,1,0,3,21,0.0,3936
5,1,0,3,22,0.0,3821
5,1,0,3,23,0.0,3582
5,2,0,4,0,0.0,3687
5,2,0,4,1,0.0,3715
5,2,0,4,2,0.0,3735
5,2,0,4,3,0.0,3860
5,2,0,4,4,1.5,3830
5,2,0,4,5,2.75,3662
5,2,0,4,6,0.75,3709
5,2,0,4,7,2.0,3601
5,2,0,4,8,0.5,3571
5,2,0,4,9,0.0,3501
5,2,0,4,10,1.25,3648
5,2,0,4,11,0.5,3887
5,2,0,4,12,0.0,3769
5,2,0,4,13,0.0,4536
5,2,0,4,14,0.0,4173
5,2,0,4,15,0.0,3931
5,2,0,4,16,0.0,3961
5,2,0,4,17,0.0,3843
5,2,0,4,18,0.0,3724
5,2,0,4,19,0.25,3656
5,2,0,4,20,0.0,4142
5,2,0,4,21,0.0,4241
5,2,0,4,22,0.0,4466
5,3,0,5,1,0.0,3340
5,3,0,5,2,0.0,3198
5,3,0,5,3,0.0,3226
5,3,0,5,4,0.0,3274
5,3,0,5,5,0.0,3534
5,3,0,5,6,0.0,3537
5,3,0,5,7,0.0,3539
5,3,0,5,8,0.0,3568
5,3,0,5,9,0.0,3712
5,3,0,5,10,0.0,3803
5,3,0,5,11,0.0,3749
5,3,0,5,12,0.0,3723
5,3,0,5,13,0.0,4043
5,3,0,5,14,0.0,4090
5,3,0,5,15,0.0,4032
5,3,0,5,16,0.0,4071
5,3,0,5,17,0.0,4012
5,3,0,5,18,0.0,3937
5,3,0,5,19,0.0,3879
5,3,0,5,20,0.0,3936
5,3,0,5,21,0.0,3983
5,3,0,5,22,0.0,3975
5,3,0,5,23,0.0,3926
5,4,0,6,0,0.0,3487
5,4,0,6,1,0.0,3480
5,4,0,6,2,0.0,3474
5,4,0,6,3,0.0,3467
5,4,0,6,4,0.0,3456
5,4,0,6,5,0.0,3444
5,4,0,6,6,0.0,3433
5,4,0,6,7,0.0,3968
5,4,0,6,8,0.0,3941
5,4,0,6,9,0.0,3865
5,4,0,6,10,0.0,3897
5,4,0,6,11,0.0,3856
5,4,0,6,12,0.0,3837
5,4,0,6,13,0.0,3992
5,4,0,6,14,0.0,4009
5,4,0,6,15,0.0,4024
5,4,0,6,16,0.0,3933
5,4,0,6,17,0.0,3876
5,4,0,6,18,0.0,3993
5,4,0,6,19,0.0,4172
5,4,0,6,20,0.0,4543
5,4,0,6,21,0.0,4461
5,4,0,6,22,0.0,4940
5,4,0,6,23,0.0,4713
5,5,1,7,0,0.0,3229
5,5,1,7,1,0.0,3291
5,5,1,7,2,0.0,3352
5,5,1,7,3,0.0,3417
5,5,1,7,4,0.0,3233
5,5,1,7,5,0.0,3391
5,5,1,7,6,0.0,3530
5,5,1,7,7,0.0,3436
5,5,1,7,8,0.0,3522
5,5,1,7,9,0.0,3583
5,5,1,7,10,0.0,3775
5,5,1,7,11,0.0,4404
5,5,1,7,12,0.0,4560
5,5,1,7,13,0.0,5061
5,5,1,7,14,0.0,5131
5,5,1,7,15,0.0,5205
5,5,1,7,16,0.0,5211
5,5,1,7,17,0.0,5334
5,5,1,7,18,0.0,5633
5,5,1,7,19,0.0,5455
5,5,1,7,20,0.0,5133
5,5,1,7,21,0.0,4989
5,5,1,7,22,0.0,4525
5,5,1,7,23,0.0,4383
5,6,1,1,0,0.0,3119
5,6,1,1,1,0.0,3109
5,6,1,1,2,0.0,3098
5,6,1,1,3,0.0,3072
5,6,1,1,4,0.0,3053
5,6,1,1,5,0.5,3033
5,6,1,1,6,0.75,3630
5,6,1,1,7,0.0,3649
5,6,1,1,8,0.75,4119
5,6,1,1,9,1.0,4132
5,6,1,1,10,0.75,4243
5,6,1,1,11,1.0,4294
5,6,1,1,12,1.5,4372
5,6,1,1,13,3.5,4387
5,6,1,1,14,4.0,4497
5,6,1,1,15,1.5,4487
5,6,1,1,16,0.75,4797
5,6,1,1,17,0.75,5180
5,6,1,1,18,0.25,5438
5,6,1,1,19,0.25,5166
5,6,1,1,20,0.75,4746
5,6,1,1,21,0.25,4503
5,6,1,1,22,0.25,4347
5,6,1,1,23,0.0,4287
5,7,1,2,2,0.75,3763
5,7,1,2,3,0.75,4299
5,7,1,2,4,0.75,4312
5,7,1,2,5,2.0,4395
5,7,1,2,6,4.75,4218
5,7,1,2,7,2.5,4065
5,7,1,2,8,3.75,3885
5,7,1,2,9,2.5,3751
5,7,1,2,10,1.0,3789
5,7,1,2,11,0.25,3972
5,7,1,2,12,0.25,4074
5,7,1,2,13,0.0,3988
5,7,1,2,14,0.0,4102
5,7,1,2,15,0.25,4160
5,7,1,2,16,0.0,4441
5,7,1,2,17,0.0,4334
5,7,1,2,18,0.0,4269
5,7,1,2,19,0.0,4189
5,7,1,2,20,0.0,4265
5,7,1,2,21,0.0,4079
5,7,1,2,22,0.0,3940
5,7,1,2,23,0.0,3789
5,8,0,3,0,0.0,3507
5,8,0,3,1,0.0,3518
5,8,0,3,2,0.0,3588
5,8,0,3,3,0.0,3572
5,8,0,3,4,0.0,3548
5,8,0,3,5,0.0,3425
5,8,0,3,6,0.0,3439
5,8,0,3,7,0.0,3489
5,8,0,3,8,0.0,3435
5,8,0,3,9,0.0,3407
5,8,0,3,10,0.0,3329
5,8,0,3,11,0.0,3329
5,8,0,3,12,0.0,3459
5,8,0,3,13,0.0,3638
5,8,0,3,14,0.0,3859
5,8,0,3,15,0.0,3786
5,8,0,3,16,0.0,3916
5,8,0,3,17,0.0,4164
5,8,0,3,18,0.0,3980
5,8,0,3,19,0.0,3983
5,8,0,3,20,0.0,4164
5,8,0,3,21,0.0,4155
5,9,0,4,0,0.0,3272
5,9,0,4,1,0.0,3283
5,9,0,4,2,0.0,3355
5,9,0,4,3,0.0,3218
5,9,0,4,4,0.0,3223
5,9,0,4,5,0.0,3234
5,9,0,4,6,0.0,3297
5,9,0,4,7,0.0,3297
5,9,0,4,8,0.0,3318
5,9,0,4,9,0.0,3481
5,9,0,4,10,0.0,3483
5,9,0,4,11,0.0,3635
5,9,0,4,12,0.0,3946
5,9,0,4,13,0.0,4037
5,9,0,4,14,0.0,3862
5,9,0,4,15,0.0,3797
5,9,0,4,16,0.0,3715
5,9,0,4,17,0.0,3803
5,9,0,4,18,0.0,3781
5,9,0,4,19,0.0,3951
5,9,0,4,20,0.0,3885
5,9,0,4,21,0.0,4011
5,9,0,4,22,0.0,3897
5,9,0,4,23,0.0,3674
5,10,0,5,0,0.0,3107
5,10,0,5,1,0.0,3122
5,10,0,5,2,0.0,3136
5,10,0,5,3,0.0,3171
5,10,0,5,4,0.0,3198
5,10,0,5,5,0.0,3224
5,10,0,5,6,0.0,3265
5,10,0,5,7,0.0,3310
5,10,0,5,8,0.0,3339
5,10,0,5,9,0.0,3367
5,10,0,5,10,0.0,3396
5,10,0,5,11,0.0,3408
5,10,0,5,12,0.0,3480
5,10,0,5,13,0.0,3414
5,10,0,5,14,0.0,3477
5,10,0,5,15,0.0,3661
5,10,0,5,16,0.0,3604
5,10,0,5,17,0.0,4215
5,10,0,5,18,0.0,3986
5,10,0,5,19,0.0,4210
5,10,0,5,20,0.0,4106
5,10,0,5,21,0.0,4229
5,10,0,5,22,0.0,4557
5,10,0,5,23,0.0,4091
5,11,0,6,5,0.0,3078
5,11,0,6,6,0.0,3278
5,11,0,6,7,0.0,3934
5,11,0,6,8,0.0,4172
5,11,0,6,9,0.0,4102
5,11,0,6,10,0.0,4118
5,11,0,6,11,0.0,4098
5,11,0,6,12,0.0,4497
5,11,0,6,13,0.0,5326
5,11,0,6,14,0.0,5534
5,11,0,6,15,0.0,5453
5,11,0,6,16,0.0,5168
5,11,0,6,17,0.0,4870
5,11,0,6,18,0.0,4593
5,11,0,6,19,0.0,4785
5,11,0,6,20,0.0,4946
5,11,0,6,21,0.0,4646
5,11,0,6,22,0.0,4512
5,11,0,6,23,0.0,4247
5,12,1,7,0,0.0,3180
5,12,1,7,1,0.0,3221
5,12,1,7,2,0.0,3262
5,12,1,7,3,0.0,3303
5,12,1,7,4,0.0,3373
5,12,1,7,5,0.0,3443
5,12,1,7,6,0.0,3513
5,12,1,7,7,0.0,3479
5,12,1,7,8,0.0,3611
5,12,1,7,9,0.0,3870
5,12,1,7,10,0.0,4127
5,12,1,7,11,0.0,4132
5,12,1,7,12,0.5,4271
5,12,1,7,13,1.0,4578
5,12,1,7,14,1.5,4703
5,12,1,7,15,0.0,4776
5,12,1,7,16,0.5,4751
5,12,1,7,17,0.25,4666
5,12,1,7,18,0.25,4555
5,12,1,7,19,0.0,4420
5,12,1,7,20,0.0,4122
5,12,1,7,21,0.0,4335
5,12,1,7,22,0.0,4059
5,12,1,7,23,0.5,4095
5,13,1,1,0,2.0,4491
5,13,1,1,1,0.75,4348
5,13,1,1,2,0.25,4327
5,13,1,1,3,1.0,4291
5,13,1,1,4,2.5,4245
5,13,1,1,5,1.25,4192
5,13,1,1,6,0.25,3971
5,13,1,1,7,0.0,3860
5,13,1,1,8,0.0,3855
5,13,1,1,9,0.0,3930
5,13,1,1,10,0.0,3990
5,13,1,1,11,0.0,3941
5,13,1,1,12,0.0,4042
5,13,1,1,13,0.0,4197
5,13,1,1,14,0.0,4053
5,13,1,1,15,0.0,4071
5,13,1,1,16,0.0,4159
5,13,1,1,17,0.0,4016
5,13,1,1,18,0.0,3911
5,13,1,1,19,0.0,3725
5,13,1,1,20,0.0,3687
5,13,1,1,21,0.0,3923
5,13,1,1,22,0.0,3803
5,13,1,1,23,0.0,3519
5,14,0,2,0,0.0,3930
5,14,0,2,1,0.0,3838
5,14,0,2,2,0.0,3745
5,14,0,2,3,0.0,3653
5,14,0,2,4,0.0,3560
5,14,0,2,5,0.0,3518
5,14,0,2,6,0.0,3417
5,14,0,2,7,0.0,3567
5,14,0,2,8,0.0,3602
5,14,0,2,9,0.0,3554
5,14,0,2,10,0.0,3669
5,14,0,2,11,0.0,3818
5,14,0,2,12,0.0,3940
5,14,0,2,13,0.0,3791
5,14,0,2,14,0.0,3760
5,14,0,2,15,0.0,3987
5,14,0,2,16,0.0,4775
5,14,0,2,17,0.0,4489
5,14,0,2,18,0.0,4317
5,14,0,2,19,0.0,4154
5,14,0,2,20,0.0,4010
5,14,0,2,21,0.0,4133
5,14,0,2,22,0.0,3909
5,14,0,2,23,0.0,3665
5,15,0,3,0,0.0,3593
5,15,0,3,1,0.0,3586
5,15,0,3,2,0.0,3681
5,15,0,3,3,0.0,3775
5,15,0,3,4,0.0,3870
5,15,0,3,5,0.0,4031
5,15,0,3,6,0.0,4192
5,15,0,3,7,0.0,4353
5,15,0,3,8,0.0,4055
5,15,0,3,9,0.0,3961
5,15,0,3,10,0.0,3898
5,15,0,3,11,0.0,3871
5,15,0,3,12,0.0,3780
5,15,0,3,13,0.0,4095
5,15,0,3,14,0.0,4043
5,15,0,3,15,0.0,4135
5,15,0,3,16,0.0,4404
5,15,0,3,17,0.0,4335
5,15,0,3,18,0.0,4132
5,15,0,3,19,0.0,4011
5,15,0,3,20,0.0,3744
5,15,0,3,21,0.0,3628
5,16,0,4,0,0.0,3689
5,16,0,4,1,0.0,3678
5,16,0,4,2,0.0,3609
5,16,0,4,3,0.0,3592
5,16,0,4,4,0.0,3567
5,16,0,4,5,0.25,3542
5,16,0,4,6,0.0,3487
5,16,0,4,7,0.0,3547
5,16,0,4,8,0.0,3468
5,16,0,4,9,0.0,3639
5,16,0,4,10,0.0,3756
5,16,0,4,11,0.0,3860
5,16,0,4,12,0.0,4187
5,16,0,4,13,0.0,4015
5,16,0,4,14,0.0,3845
5,16,0,4,15,0.0,3966
5,16,0,4,16,0.0,4059
5,16,0,4,17,0.0,4052
5,16,0,4,18,0.5,3917
5,16,0,4,19,0.5,3815
5,16,0,4,20,0.0,3745
5,16,0,4,21,0.25,3583
5,16,0,4,22,0.0,3624
5,16,0,4,23,0.0,3888
5,17,0,5,0,0.0,4468
5,17,0,5,1,0.0,4100
5,17,0,5,2,0.0,4048
5,17,0,5,3,0.25,3996
5,17,0,5,4,0.0,3741
5,17,0,5,5,0.0,3678
5,17,0,5,6,0.0,3616
5,17,0,5,7,0.0,3553
5,17,0,5,8,0.0,3595
5,17,0,5,9,0.0,3637
5,17,0,5,10,0.0,3690
5,17,0,5,11,0.0,3709
5,17,0,5,12,0.0,3977
5,17,0,5,13,0.0,3884
5,17,0,5,14,0.0,3934
5,17,0,5,15,0.0,4153
5,17,0,5,16,0.0,4135
5,17,0,5,17,0.0,3994
5,17,0,5,18,0.0,4098
5,17,0,5,19,0.0,4134
5,17,0,5,20,0.25,4174
5,17,0,5,21,0.75,4042
5,17,0,5,22,1.0,3855
5,18,0,6,1,0.0,2926
5,18,0,6,2,0.25,3311
5,18,0,6,3,0.0,3294
5,18,0,6,4,0.0,3265
5,18,0,6,5,0.25,3109
5,18,0,6,6,0.5,3899
5,18,0,6,7,0.0,3866
5,18,0,6,8,0.0,3948
5,18,0,6,9,0.25,3978
5,18,0,6,10,0.0,4104
5,18,0,6,11,0.0,4134
5,18,0,6,12,0.0,3943
5,18,0,6,13,0.0,3933
5,18,0,6,14,0.0,3861
5,18,0,6,15,0.25,4065
5,18,0,6,16,0.0,4156
5,18,0,6,17,0.75,4108
5,18,0,6,18,0.0,4142
5,18,0,6,19,0.0,4066
5,18,0,6,20,0.0,4201
5,18,0,6,21,0.0,4174
5,18,0,6,22,0.0,4226
5,18,0,6,23,0.0,4550
5,19,1,7,2,0.0,3954
5,19,1,7,3,0.0,4435
5,19,1,7,4,0.0,4400
5,19,1,7,5,0.0,4340
5,19,1,7,6,0.0,4018
5,19,1,7,7,0.0,4068
5,19,1,7,8,0.0,4009
5,19,1,7,9,0.0,4058
5,19,1,7,10,0.0,3895
5,19,1,7,11,0.0,4178
5,19,1,7,12,0.0,4249
5,19,1,7,13,0.0,4072
5,19,1,7,14,0.0,4133
5,19,1,7,15,0.0,4421
5,19,1,7,16,0.0,4549
5,19,1,7,17,0.0,4603
5,19,1,7,18,0.0,4539
5,19,1,7,19,0.0,4768
5,19,1,7,20,0.0,4521
5,19,1,7,21,0.0,4228
5,19,1,7,22,0.0,4153
5,19,1,7,23,0.0,4090
5,20,1,1,0,0.0,4448
5,20,1,1,1,0.0,4195
5,20,1,1,2,0.0,4172
5,20,1,1,3,0.0,4132
5,20,1,1,4,0.0,3918
5,20,1,1,5,0.0,3775
5,20,1,1,6,0.0,3929
5,20,1,1,7,0.0,3975
5,20,1,1,8,0.0,3882
5,20,1,1,9,0.0,3788
5,20,1,1,10,0.0,3874
5,20,1,1,11,0.0,4002
5,20,1,1,12,0.0,4108
5,20,1,1,13,0.0,4243
5,20,1,1,14,0.0,4290
5,20,1,1,15,0.0,4193
5,20,1,1,16,0.0,5485
5,20,1,1,17,0.0,5514
5,20,1,1,18,0.0,5234
5,20,1,1,19,0.0,5055
5,20,1,1,20,0.0,4918
5,20,1,1,21,0.0,4691
5,20,1,1,22,0.0,4291
5,20,1,1,23,0.0,4086
5,21,0,2,0,0.0,3512
5,21,0,2,1,0.0,3385
5,21,0,2,2,0.0,3358
5,21,0,2,3,0.0,3354
5,21,0,2,4,0.0,3347
5,21,0,2,5,0.0,3341
5,21,0,2,6,0.0,3335
5,21,0,2,7,0.0,3385
5,21,0,2,8,0.0,3344
5,21,0,2,9,0.0,3448
5,21,0,2,10,0.0,3487
5,21,0,2,11,0.0,3558
5,21,0,2,12,0.0,3616
5,21,0,2,13,0.0,3814
5,21,0,2,14,0.0,3692
5,21,0,2,15,0.0,4029
5,21,0,2,16,0.0,4118
5,21,0,2,17,0.0,4072
5,21,0,2,18,0.0,4026
5,21,0,2,19,0.0,4225
5,21,0,2,20,0.0,4037
5,21,0,2,21,0.0,3912
5,21,0,2,22,0.0,3699
5,21,0,2,23,0.0,3410
5,22,1,3,1,0.0,3700
5,22,1,3,2,0.0,3715
5,22,1,3,3,0.0,3730
5,22,1,3,4,0.0,3947
5,22,1,3,5,0.0,4163
5,22,1,3,6,0.0,4296
5,22,1,3,7,0.0,3944
5,22,1,3,8,0.0,4057
5,22,1,3,9,0.0,3817
5,22,1,3,10,0.0,3792
5,22,1,3,11,0.0,4022
5,22,1,3,12,0.0,3948
5,22,1,3,13,0.0,4219
5,22,1,3,14,0.0,4663
5,22,1,3,15,0.0,4384
5,22,1,3,16,0.0,4317
5,22,1,3,17,0.0,4270
5,22,1,3,18,0.0,4110
5,22,1,3,19,0.0,3949
5,22,1,3,20,0.0,4202
5,22,1,3,21,0.25,4454
5,22,1,3,22,1.0,4219
5,22,1,3,23,1.5,4056
5,23,0,4,1,1.25,6420
5,23,0,4,2,1.25,5495
5,23,0,4,3,2.25,4960
5,23,0,4,4,2.25,4830
5,23,0,4,5,1.0,4701
5,23,0,4,6,1.0,4571
5,23,0,4,7,1.75,4281
5,23,0,4,8,2.0,4114
5,23,0,4,9,0.5,4014
5,23,0,4,10,0.0,3880
5,23,0,4,11,0.0,3766
5,23,0,4,12,0.0,3846
5,23,0,4,13,0.0,3728
5,23,0,4,14,0.0,3797
5,23,0,4,15,0.0,3951
5,23,0,4,16,0.0,3796
5,23,0,4,17,0.0,3862
5,23,0,4,18,0.0,4001
5,23,0,4,19,0.0,4012
5,23,0,4,20,0.0,4679
5,23,0,4,21,0.0,4468
5,23,0,4,22,0.0,4256
5,23,0,4,23,0.0,4080
5,24,0,5,0,0.0,3844
5,24,0,5,1,0.0,3775
5,24,0,5,2,0.0,3706
5,24,0,5,3,0.0,3637
5,24,0,5,4,0.0,3554
5,24,0,5,5,0.0,3472
5,24,0,5,6,0.0,3389
5,24,0,5,7,0.0,3306
5,24,0,5,8,0.0,3380
5,24,0,5,9,0.0,3453
5,24,0,5,10,0.0,3564
5,24,0,5,11,0.0,3934
5,24,0,5,12,0.0,4104
5,24,0,5,13,0.0,4149
5,24,0,5,14,0.0,4011
5,24,0,5,15,0.0,4123
5,24,0,5,16,0.0,3962
5,24,0,5,17,0.0,3917
5,24,0,5,18,0.0,3892
5,24,0,5,19,0.0,3921
5,24,0,5,20,0.0,3939
5,24,0,5,21,0.0,3679
5,24,0,5,22,0.0,3663
5,24,0,5,23,0.0,3535
5,25,0,6,5,0.0,3539
5,25,0,6,6,0.0,3614
5,25,0,6,7,0.0,3823
5,25,0,6,8,0.0,3807
5,25,0,6,9,0.0,3790
5,25,0,6,10,0.0,3774
5,25,0,6,11,0.0,3797
5,25,0,6,12,0.0,3941
5,25,0,6,13,0.0,4261
5,25,0,6,14,0.0,4493
5,25,0,6,15,0.0,4275
5,25,0,6,16,0.0,4147
5,25,0,6,17,0.0,4036
5,25,0,6,18,0.0,3940
5,25,0,6,19,0.0,4033
5,25,0,6,20,0.0,3879
5,25,0,6,21,0.0,3859
5,25,0,6,22,0.0,3734
5,26,1,7,6,0.0,4746
5,26,1,7,7,0.0,4964
5,26,1,7,8,0.0,4783
5,26,1,7,9,0.0,4386
5,26,1,7,10,0.0,4262
5,26,1,7,11,0.0,4255
5,26,1,7,12,0.0,4168
5,26,1,7,13,0.0,4488
5,26,1,7,14,0.0,4333
5,26,1,7,15,0.0,4434
5,26,1,7,16,0.0,4229
5,26,1,7,17,0.0,4281
5,26,1,7,18,0.0,4343
5,26,1,7,19,0.0,4181
5,26,1,7,20,0.0,4112
5,26,1,7,21,0.0,3932
5,26,1,7,22,0.0,3945
5,26,1,7,23,0.0,4136
5,27,1,1,1,0.0,3152
5,27,1,1,3,0.0,3269
5,27,1,1,4,0.0,3327
5,27,1,1,6,0.0,3444
5,27,1,1,7,0.0,3657
5,27,1,1,8,0.0,3934
5,27,1,1,9,0.0,3769
5,27,1,1,10,0.0,3795
5,27,1,1,11,0.0,3812
5,27,1,1,12,0.0,4011
5,27,1,1,13,0.0,3878
5,27,1,1,14,0.0,4246
5,27,1,1,15,0.0,4261
5,27,1,1,16,0.0,4122
5,27,1,1,17,0.0,4091
5,27,1,1,18,0.0,4148
5,27,1,1,19,0.0,3981
5,27,1,1,20,0.0,4029
5,27,1,1,21,0.0,3797
5,27,1,1,22,0.0,3809
5,27,1,1,23,0.0,3859
5,28,0,2,0,0.0,3641
5,28,0,2,1,0.0,3559
5,28,0,2,2,0.0,3477
5,28,0,2,3,0.0,3641
5,28,0,2,4,0.0,3805
5,28,0,2,5,0.0,3968
5,28,0,2,6,0.0,4132
5,28,0,2,7,0.0,3806
5,28,0,2,8,0.0,3686
5,28,0,2,9,0.0,3772
5,28,0,2,10,0.0,3667
5,28,0,2,11,0.0,3613
5,28,0,2,12,0.0,3903
5,28,0,2,13,0.0,3808
5,28,0,2,14,0.0,3811
5,28,0,2,15,0.0,3820
5,28,0,2,16,0.0,4019
5,28,0,2,17,0.0,4173
5,28,0,2,18,0.0,4109
5,28,0,2,19,0.0,4691
5,28,0,2,20,0.25,4914
5,28,0,2,21,0.0,4703
5,28,0,2,22,0.0,4428
5,28,0,2,23,0.0,4151
5,29,0,3,1,0.0,3514
5,29,0,3,3,0.0,3391
5,29,0,3,4,0.0,3330
5,29,0,3,6,0.0,3207
5,29,0,3,7,0.0,3435
5,29,0,3,8,0.0,3510
5,29,0,3,9,0.0,3545
5,29,0,3,10,0.0,3931
5,29,0,3,11,0.0,4204
5,29,0,3,12,0.0,4140
5,29,0,3,13,0.0,4104
5,29,0,3,14,0.0,4068
5,29,0,3,15,0.0,4034
5,29,0,3,16,0.0,3907
5,29,0,3,17,0.0,3804
5,29,0,3,18,0.0,3836
5,29,0,3,19,0.0,3711
5,29,0,3,20,0.0,3612
5,29,0,3,21,0.0,3582
5,29,0,3,22,0.0,3553
5,29,0,3,23,0.0,3523
5,30,0,4,0,0.0,3323
5,30,0,4,1,0.0,3254
5,30,0,4,2,0.0,3185
5,30,0,4,3,0.0,3197
5,30,0,4,4,0.0,3210
5,30,0,4,5,0.0,3222
5,30,0,4,6,0.0,3234
5,30,0,4,7,0.0,3202
5,30,0,4,8,0.0,3315
5,30,0,4,9,0.0,3461
5,30,0,4,10,0.0,3625
5,30,0,4,11,0.0,3836
5,30,0,4,12,0.0,3722
5,30,0,4,13,0.0,3824
5,30,0,4,14,0.0,3755
5,30,0,4,15,6.0,3948
5,30,0,4,16,4.0,4091
5,30,0,4,17,0.0,4008
5,30,0,4,18,0.0,4096
5,30,0,4,19,0.0,3957
5,30,0,4,20,0.0,4240
5,30,0,4,21,0.0,3917
5,30,0,4,22,0.0,3837
5,31,0,5,0,0.0,3605
5,31,0,5,2,0.0,3835
5,31,0,5,3,0.0,3949
5,31,0,5,5,0.0,4179
5,31,0,5,6,0.0,3957
5,31,0,5,7,0.0,3701
5,31,0,5,8,0.0,3977
5,31,0,5,9,0.0,4177
5,31,0,5,10,0.0,4113
5,31,0,5,11,0.0,4308
5,31,0,5,12,0.0,4181
5,31,0,5,13,0.0,4200
5,31,0,5,14,0.0,4299
5,31,0,5,15,0.0,4094
5,31,0,5,16,0.0,4178
5,31,0,5,17,0.0,4053
5,31,0,5,18,0.0,3892
5,31,0,5,19,0.0,3834
5,31,0,5,20,0.0,4043
5,31,0,5,21,0.0,3866
5,31,0,5,22,0.0,4658
5,31,0,5,23,0.0,4575
6,1,0,6,0,0.0,2778
6,1,0,6,1,0.0,2806
6,1,0,6,2,0.0,2834
6,1,0,6,3,0.0,3088
6,1,0,6,4,0.0,3240
6,1,0,6,5,0.0,3146
6,1,0,6,6,0.0,3121
6,1,0,6,7,0.0,3081
6,1,0,6,8,0.0,3140
6,1,0,6,9,0.0,3121
6,1,0,6,10,0.0,3227
6,1,0,6,11,0.0,3335
6,1,0,6,12,0.0,3523
6,1,0,6,13,0.0,3591
6,1,0,6,14,0.0,4062
6,1,0,6,15,0.0,4179
6,1,0,6,16,0.0,4200
6,1,0,6,17,0.0,3994
6,1,0,6,18,0.0,4121
6,1,0,6,19,0.0,3982
6,1,0,6,20,0.0,4151
6,1,0,6,21,0.0,3929
6,1,0,6,22,0.0,3858
6,1,0,6,23,0.0,3801
6,2,1,7,0,0.0,16519
6,2,1,7,1,0.0,12568
6,2,1,7,2,0.0,12292
6,2,1,7,3,0.0,11823
6,2,1,7,4,0.0,9286
6,2,1,7,5,0.0,7576
6,2,1,7,6,0.0,6438
6,2,1,7,7,0.0,6367
6,2,1,7,8,0.0,5478
6,2,1,7,9,0.0,4775
6,2,1,7,10,0.0,4509
6,2,1,7,11,0.0,4412
6,2,1,7,12,0.0,4316
6,2,1,7,13,0.0,4331
6,2,1,7,14,0.0,4345
6,2,1,7,15,0.0,4189
6,2,1,7,16,0.0,4112
6,2,1,7,17,0.0,4370
6,2,1,7,18,0.0,4401
6,2,1,7,19,0.0,4239
6,2,1,7,20,0.0,4308
6,2,1,7,21,0.0,4021
6,2,1,7,22,0.0,4260
6,2,1,7,23,0.0,4135
6,3,1,1,0,0.0,3340
6,3,1,1,1,0.0,3360
6,3,1,1,2,0.0,3380
6,3,1,1,3,0.0,3379
6,3,1,1,4,0.0,3372
6,3,1,1,5,0.0,3374
6,3,1,1,6,0.0,3381
6,3,1,1,7,0.0,3343
6,3,1,1,8,0.0,3342
6,3,1,1,9,0.0,3441
6,3,1,1,10,0.0,3610
6,3,1,1,11,0.0,3813
6,3,1,1,12,0.0,3940
6,3,1,1,13,0.0,4120
6,3,1,1,14,0.0,4410
6,3,1,1,15,0.0,4165
6,3,1,1,16,0.0,4496
6,3,1,1,17,0.0,4753
6,3,1,1,18,0.0,4632
6,3,1,1,19,0.0,4405
6,3,1,1,20,0.0,4416
6,3,1,1,21,0.0,4306
6,3,1,1,22,0.0,4126
6,3,1,1,23,0.0,4082
6,4,0,2,0,0.0,3418
6,4,0,2,1,0.0,3388
6,4,0,2,2,0.0,3336
6,4,0,2,3,0.0,3269
6,4,0,2,4,0.0,3192
6,4,0,2,5,0.0,3426
6,4,0,2,6,0.0,3464
6,4,0,2,7,0.0,3385
6,4,0,2,8,0.0,3402
6,4,0,2,9,0.0,3398
6,4,0,2,10,0.0,3444
6,4,0,2,11,0.0,3640
6,4,0,2,12,0.0,3590
6,4,0,2,13,0.0,3725
6,4,0,2,14,0.0,3693
6,4,0,2,15,0.0,3710
6,4,0,2,16,0.0,4006
6,4,0,2,17,0.0,3993
6,4,0,2,18,0.0,3901
6,4,0,2,19,0.0,3730
6,4,0,2,20,0.0,3696
6,4,0,2,21,0.0,3552
6,4,0,2,22,0.0,3368
6,4,0,2,23,0.0,3587
6,5,0,3,0,0.0,4100
6,5,0,3,1,0.0,4079
6,5,0,3,2,0.0,4057
6,5,0,3,3,0.0,4036
6,5,0,3,4,0.0,4000
6,5,0,3,5,0.0,3963
6,5,0,3,6,0.0,3927
6,5,0,3,7,0.0,4250
6,5,0,3,8,0.5,4078
6,5,0,3,9,0.5,3918
6,5,0,3,10,0.5,3900
6,5,0,3,11,0.5,3881
6,5,0,3,12,0.0,4012
6,5,0,3,13,0.0,3955
6,5,0,3,14,0.0,4065
6,5,0,3,15,0.0,3925
6,5,0,3,16,0.0,3942
6,5,0,3,17,0.0,3751
6,5,0,3,18,0.0,3697
6,5,0,3,19,0.0,3698
6,5,0,3,20,0.0,3868
6,5,0,3,21,0.0,4168
6,5,0,3,22,0.0,4143
6,5,0,3,23,0.0,3988
6,6,1,4,0,0.0,3280
6,6,1,4,1,0.0,3226
6,6,1,4,2,0.0,3234
6,6,1,4,3,0.0,3248
6,6,1,4,4,0.0,3325
6,6,1,4,5,0.0,3322
6,6,1,4,6,0.0,3329
6,6,1,4,7,0.0,3324
6,6,1,4,8,0.0,3306
6,6,1,4,9,0.0,3499
6,6,1,4,10,0.0,4170
6,6,1,4,11,0.0,4017
6,6,1,4,12,0.0,4493
6,6,1,4,13,0.0,4396
6,6,1,4,14,0.0,4140
6,6,1,4,15,0.0,4103
6,6,1,4,16,0.0,4158
6,6,1,4,17,0.0,4436
6,6,1,4,18,0.0,4145
6,6,1,4,19,0.0,4101
6,6,1,4,20,0.0,4017
6,6,1,4,21,0.0,3795
6,6,1,4,22,0.0,3764
6,6,1,4,23,0.0,3573
6,7,0,5,0,0.0,5136
6,7,0,5,1,0.0,5037
6,7,0,5,2,0.0,4939
6,7,0,5,3,0.0,4840
6,7,0,5,4,0.0,4672
6,7,0,5,5,0.0,4504
6,7,0,5,6,0.0,4336
6,7,0,5,7,0.0,4074
6,7,0,5,8,0.0,3810
6,7,0,5,9,0.0,3637
6,7,0,5,10,0.0,3609
6,7,0,5,11,0.0,3556
6,7,0,5,12,0.0,3862
6,7,0,5,13,0.0,4093
6,7,0,5,14,0.0,4060
6,7,0,5,15,0.0,4013
6,7,0,5,16,0.0,4063
6,7,0,5,17,0.0,4063
6,7,0,5,18,0.0,3968
6,7,0,5,19,0.0,3921
6,7,0,5,20,0.0,3873
6,7,0,5,21,0.0,3736
6,7,0,5,22,0.0,3723
6,7,0,5,23,0.0,3653
6,8,0,6,0,0.0,3969
6,8,0,6,1,0.0,4033
6,8,0,6,2,0.0,4097
6,8,0,6,3,0.0,4251
6,8,0,6,4,0.0,4369
6,8,0,6,5,0.0,4486
6,8,0,6,6,0.0,4107
6,8,0,6,7,0.0,3870
6,8,0,6,8,0.0,3851
6,8,0,6,9,0.0,3832
6,8,0,6,10,0.0,3819
6,8,0,6,11,0.0,3793
6,8,0,6,12,0.0,3788
6,8,0,6,13,0.0,3834
6,8,0,6,14,0.0,3805
6,8,0,6,15,0.0,3835
6,8,0,6,16,0.0,3877
6,8,0,6,17,0.0,3904
6,8,0,6,18,0.0,3834
6,8,0,6,19,0.0,3919
6,8,0,6,20,0.0,4105
6,8,0,6,21,0.0,4217
6,8,0,6,22,0.0,4340
6,8,0,6,23,0.0,4433
6,9,1,7,0,0.0,4096
6,9,1,7,2,0.0,4263
6,9,1,7,3,0.0,4347
6,9,1,7,5,0.0,4514
6,9,1,7,6,0.0,4300
6,9,1,7,7,0.0,4086
6,9,1,7,8,0.0,3945
6,9,1,7,9,0.0,3905
6,9,1,7,10,0.0,4176
6,9,1,7,11,0.0,4231
6,9,1,7,12,0.0,4092
6,9,1,7,13,0.0,4019
6,9,1,7,14,0.0,4141
6,9,1,7,15,0.0,4303
6,9,1,7,16,0.0,4548
6,9,1,7,17,0.0,4832
6,9,1,7,18,0.0,4621
6,9,1,7,19,0.0,4268
6,9,1,7,20,0.0,4056
6,9,1,7,21,0.0,4185
6,9,1,7,22,0.0,4112
6,9,1,7,23,0.0,4384
6,10,1,1,0,0.0,6237
6,10,1,1,1,0.0,5385
6,10,1,1,2,0.0,5247
6,10,1,1,3,0.0,5150
6,10,1,1,4,0.0,4532
6,10,1,1,5,0.0,4374
6,10,1,1,6,0.0,4015
6,10,1,1,7,0.0,3751
6,10,1,1,8,0.0,3864
6,10,1,1,9,0.0,3838
6,10,1,1,10,0.0,4122
6,10,1,1,11,0.0,3996
6,10,1,1,12,0.0,3867
6,10,1,1,13,0.0,3832
6,10,1,1,14,0.0,3845
6,10,1,1,15,0.0,3927
6,10,1,1,16,0.0,4010
6,10,1,1,17,0.25,4023
6,10,1,1,18,0.0,4069
6,10,1,1,19,0.5,4312
6,10,1,1,20,0.25,4035
6,10,1,1,21,0.5,3930
6,10,1,1,22,0.0,3862
6,10,1,1,23,0.0,3813
6,11,0,2,0,0.25,5260
6,11,0,2,1,0.0,5192
6,11,0,2,2,0.0,5123
6,11,0,2,3,0.0,4958
6,11,0,2,4,3.5,4832
6,11,0,2,5,6.5,4705
6,11,0,2,6,1.5,4546
6,11,0,2,7,5.75,4320
6,11,0,2,8,8.25,4123
6,11,0,2,9,1.5,3894
6,11,0,2,10,0.75,3841
6,11,0,2,11,0.75,3746
6,11,0,2,12,0.5,3660
6,11,0,2,13,0.0,3780
6,11,0,2,14,0.0,3900
6,11,0,2,15,0.0,3977
6,11,0,2,16,0.0,4143
6,11,0,2,17,0.0,3859
6,11,0,2,18,0.0,3671
6,11,0,2,19,0.0,3688
6,11,0,2,20,0.0,3719
6,11,0,2,21,0.0,3794
6,11,0,2,22,0.0,3808
6,12,0,3,1,0.0,3121
6,12,0,3,2,0.0,3123
6,12,0,3,3,0.0,3127
6,12,0,3,4,0.0,3148
6,12,0,3,5,0.0,3418
6,12,0,3,6,0.0,3420
6,12,0,3,7,0.25,3440
6,12,0,3,8,0.25,3789
6,12,0,3,9,0.0,3737
6,12,0,3,10,0.0,3751
6,12,0,3,11,0.0,3659
6,12,0,3,12,0.0,3831
6,12,0,3,13,0.0,3801
6,12,0,3,14,0.0,4041
6,12,0,3,15,0.0,4071
6,12,0,3,16,0.0,4088
6,12,0,3,17,0.0,4243
6,12,0,3,18,0.0,4182
6,12,0,3,19,0.0,4010
6,12,0,3,20,0.0,3993
6,12,0,3,21,0.0,3991
6,12,0,3,22,0.0,4197
6,12,0,3,23,0.0,3897
6,13,0,4,1,0.0,3376
6,13,0,4,2,0.0,3388
6,13,0,4,3,0.0,3408
6,13,0,4,4,0.0,3433
6,13,0,4,5,0.0,3462
6,13,0,4,6,0.0,3483
6,13,0,4,7,0.0,3504
6,13,0,4,8,0.0,3619
6,13,0,4,9,0.0,3620
6,13,0,4,10,0.0,3579
6,13,0,4,11,0.0,3808
6,13,0,4,12,0.0,4189
6,13,0,4,13,0.0,4125
6,13,0,4,14,0.0,3885
6,13,0,4,15,0.0,4091
6,13,0,4,16,0.0,4084
6,13,0,4,17,0.0,4078
6,13,0,4,18,0.0,3903
6,13,0,4,19,0.0,3888
6,13,0,4,20,0.0,3612
6,13,0,4,21,0.0,3777
6,13,0,4,22,0.0,3689
6,14,0,5,1,0.0,4464
6,14,0,5,2,0.0,4440
6,14,0,5,3,0.0,4285
6,14,0,5,4,0.0,4222
6,14,0,5,5,0.0,3792
6,14,0,5,6,0.0,4187
6,14,0,5,7,0.0,4045
6,14,0,5,8,0.0,3802
6,14,0,5,9,0.0,3701
6,14,0,5,10,0.0,3742
6,14,0,5,11,0.0,3710
6,14,0,5,12,0.0,4178
6,14,0,5,13,0.0,3989
6,14,0,5,14,0.0,3806
6,14,0,5,15,0.0,3873
6,14,0,5,16,0.0,3883
6,14,0,5,17,0.0,4098
6,14,0,5,18,0.0,3893
6,14,0,5,19,0.0,3743
6,14,0,5,20,0.0,4208
6,14,0,5,21,0.0,4704
6,14,0,5,22,0.0,4514
6,14,0,5,23,0.0,4091
6,15,0,6,0,0.0,3047
6,15,0,6,1,0.0,2963
6,15,0,6,2,0.0,2964
6,15,0,6,3,0.0,2964
6,15,0,6,4,0.0,2965
6,15,0,6,5,0.0,2965
6,15,0,6,6,0.0,2966
6,15,0,6,7,0.0,2986
6,15,0,6,8,0.0,3107
6,15,0,6,9,0.0,3193
6,15,0,6,10,0.0,3448
6,15,0,6,11,0.0,3872
6,15,0,6,12,0.0,3968
6,15,0,6,13,0.0,3832
6,15,0,6,14,0.0,4092
6,15,0,6,15,0.0,4240
6,15,0,6,16,0.0,4025
6,15,0,6,17,0.0,4031
6,15,0,6,18,0.0,4031
6,15,0,6,19,0.0,4091
6,15,0,6,20,0.0,3993
6,15,0,6,21,0.0,4038
6,15,0,6,22,0.0,3861
6,15,0,6,23,0.0,3816
6,16,1,7,0,0.0,12553
6,16,1,7,1,0.0,9713
6,16,1,7,2,0.0,9652
6,16,1,7,3,0.0,9264
6,16,1,7,4,0.0,9073
6,16,1,7,5,0.0,7784
6,16,1,7,6,0.0,7240
6,16,1,7,7,0.0,6695
6,16,1,7,8,0.0,5717
6,16,1,7,9,0.0,5231
6,16,1,7,10,0.0,4908
6,16,1,7,11,0.0,4741
6,16,1,7,12,0.0,4790
6,16,1,7,13,0.0,4725
6,16,1,7,14,0.0,4558
6,16,1,7,15,0.0,4472
6,16,1,7,16,0.0,4511
6,16,1,7,17,0.0,4249
6,16,1,7,18,0.0,4092
6,16,1,7,19,0.0,3923
6,16,1,7,20,0.0,3904
6,16,1,7,21,0.0,3954
6,16,1,7,22,0.0,3786
6,16,1,7,23,0.0,4445
6,17,1,1,0,0.0,4889
6,17,1,1,1,0.0,4730
6,17,1,1,2,0.0,5868
6,17,1,1,3,0.0,5748
6,17,1,1,4,0.0,5628
6,17,1,1,5,0.0,5340
6,17,1,1,6,0.0,5119
6,17,1,1,7,0.0,4898
6,17,1,1,8,0.0,4430
6,17,1,1,9,0.0,4444
6,17,1,1,10,0.0,4438
6,17,1,1,11,0.0,4304
6,17,1,1,12,0.0,4561
6,17,1,1,13,0.0,4321
6,17,1,1,14,0.0,4284
6,17,1,1,15,0.0,4163
6,17,1,1,16,0.0,4259
6,17,1,1,17,0.0,4140
6,17,1,1,18,0.0,4009
6,17,1,1,19,0.0,4154
6,17,1,1,20,0.0,4570
6,17,1,1,21,0.0,4587
6,17,1,1,22,0.0,4425
6,17,1,1,23,0.0,4235
6,18,0,2,0,0.0,5644
6,18,0,2,1,0.0,5042
6,18,0,2,2,0.0,4891
6,18,0,2,3,0.0,4633
6,18,0,2,4,0.0,4301
6,18,0,2,5,0.0,3917
6,18,0,2,6,0.0,3701
6,18,0,2,7,0.0,3529
6,18,0,2,8,0.0,3411
6,18,0,2,9,0.0,3475
6,18,0,2,10,0.0,3760
6,18,0,2,11,0.0,3846
6,18,0,2,12,0.0,4157
6,18,0,2,13,0.0,4149
6,18,0,2,14,0.0,4222
6,18,0,2,15,0.0,4118
6,18,0,2,16,0.0,4009
6,18,0,2,17,0.0,3922
6,18,0,2,18,0.0,3809
6,18,0,2,19,0.0,3992
6,18,0,2,20,0.0,3983
6,18,0,2,21,0.0,3950
6,18,0,2,22,0.0,3752
6,18,0,2,23,0.0,3786
6,19,0,3,1,0.0,3132
6,19,0,3,2,0.0,3135
6,19,0,3,3,0.0,3151
6,19,0,3,4,0.0,3516
6,19,0,3,5,0.0,3512
6,19,0,3,6,0.0,3505
6,19,0,3,7,0.0,3471
6,19,0,3,8,0.0,3444
6,19,0,3,9,0.0,3546
6,19,0,3,10,0.0,3516
6,19,0,3,11,0.0,3497
6,19,0,3,12,0.0,3463
6,19,0,3,13,0.25,3477
6,19,0,3,14,0.0,3889
6,19,0,3,15,0.0,3998
6,19,0,3,16,0.0,3923
6,19,0,3,17,0.0,3877
6,19,0,3,18,0.0,3927
6,19,0,3,19,0.5,4148
6,19,0,3,20,0.25,4130
6,19,0,3,21,0.25,3988
6,19,0,3,22,0.5,4128
6,19,0,3,23,0.75,3844
6,20,0,4,0,0.75,2956
6,20,0,4,1,0.25,2973
6,20,0,4,2,0.0,3001
6,20,0,4,3,0.0,3153
6,20,0,4,4,0.0,3163
6,20,0,4,5,0.0,3190
6,20,0,4,6,0.0,3365
6,20,0,4,7,0.0,3482
6,20,0,4,8,0.0,3714
6,20,0,4,9,0.0,3746
6,20,0,4,10,0.0,3948
6,20,0,4,11,0.0,3942
6,20,0,4,12,0.0,3784
6,20,0,4,13,0.0,3863
6,20,0,4,14,0.0,3920
6,20,0,4,15,0.0,4039
6,20,0,4,16,0.0,3894
6,20,0,4,17,0.0,4091
6,20,0,4,18,0.0,4420
6,20,0,4,19,0.0,4355
6,20,0,4,20,0.0,4086
6,20,0,4,21,0.0,4304
6,20,0,4,22,0.0,4267
6,20,0,4,23,0.0,4029
6,21,0,5,0,0.0,4164
6,21,0,5,1,0.0,3947
6,21,0,5,3,0.0,3507
6,21,0,5,4,0.0,3288
6,21,0,5,6,0.0,2848
6,21,0,5,7,0.0,2966
6,21,0,5,8,0.0,3126
6,21,0,5,9,0.0,3390
6,21,0,5,10,0.0,3631
6,21,0,5,11,0.0,3643
6,21,0,5,12,0.0,3830
6,21,0,5,13,0.0,4136
6,21,0,5,14,0.0,4441
6,21,0,5,15,0.0,4355
6,21,0,5,16,0.0,4149
6,21,0,5,17,0.0,4054
6,21,0,5,18,0.0,4196
6,21,0,5,19,0.0,4140
6,21,0,5,20,0.0,4084
6,21,0,5,21,0.0,4245
6,21,0,5,22,0.0,4405
6,21,0,5,23,0.0,4288
6,22,0,6,6,0.0,3806
6,22,0,6,7,0.0,3534
6,22,0,6,8,0.0,3522
6,22,0,6,9,0.0,3446
6,22,0,6,10,0.0,3487
6,22,0,6,11,0.0,3555
6,22,0,6,12,0.0,3537
6,22,0,6,13,0.0,3797
6,22,0,6,14,0.0,3940
6,22,0,6,15,0.0,4164
6,22,0,6,16,0.0,4217
6,22,0,6,17,0.0,4259
6,22,0,6,18,0.0,4140
6,22,0,6,19,0.0,4165
6,22,0,6,20,0.0,4402
6,22,0,6,21,0.0,4381
6,22,0,6,22,0.0,4443
6,23,1,7,1,0.0,3863
6,23,1,7,2,0.0,3772
6,23,1,7,3,0.0,3680
6,23,1,7,4,0.0,3589
6,23,1,7,5,0.0,3497
6,23,1,7,6,0.0,3554
6,23,1,7,7,0.0,3610
6,23,1,7,8,0.0,3620
6,23,1,7,9,0.0,3801
6,23,1,7,10,0.0,3701
6,23,1,7,11,0.0,3782
6,23,1,7,12,0.0,4081
6,23,1,7,13,0.0,4057
6,23,1,7,14,0.0,4365
6,23,1,7,15,0.0,4398
6,23,1,7,16,0.0,4566
6,23,1,7,17,0.0,4623
6,23,1,7,18,0.0,4561
6,23,1,7,19,0.0,4392
6,23,1,7,20,0.0,4182
6,23,1,7,21,0.0,3954
6,23,1,7,22,0.0,3777
6,23,1,7,23,0.0,3740
6,24,1,1,4,0.0,9998
6,24,1,1,5,0.0,8026
6,24,1,1,6,0.0,6554
6,24,1,1,7,0.0,5539
6,24,1,1,8,0.0,5278
6,24,1,1,9,0.0,5016
6,24,1,1,10,0.0,4891
6,24,1,1,11,0.0,4346
6,24,1,1,12,0.0,4337
6,24,1,1,13,0.0,4177
6,24,1,1,14,0.0,4100
6,24,1,1,15,0.0,4173
6,24,1,1,16,0.0,4105
6,24,1,1,17,0.0,4128
6,24,1,1,18,0.0,4277
6,24,1,1,19,0.0,4022
6,24,1,1,20,0.0,4031
6,24,1,1,21,0.0,4182
6,24,1,1,22,0.0,4289
6,24,1,1,23,0.0,3977
6,25,0,2,0,0.0,4157
6,25,0,2,2,0.0,3958
6,25,0,2,3,0.0,3859
6,25,0,2,5,0.0,3660
6,25,0,2,6,0.0,3686
6,25,0,2,7,0.0,3610
6,25,0,2,8,0.0,3512
6,25,0,2,9,0.0,3855
6,25,0,2,10,0.0,4079
6,25,0,2,11,0.0,3777
6,25,0,2,12,0.0,3671
6,25,0,2,13,0.0,4024
6,25,0,2,14,0.0,4031
6,25,0,2,15,0.0,4127
6,25,0,2,16,0.0,4108
6,25,0,2,17,0.0,4056
6,25,0,2,18,0.0,4048
6,25,0,2,19,0.0,4039
6,25,0,2,20,0.0,3833
6,25,0,2,21,0.0,3682
6,25,0,2,22,0.0,3961
6,25,0,2,23,0.0,4240
6,26,0,3,6,0.0,3562
6,26,0,3,7,0.0,3474
6,26,0,3,8,0.0,3536
6,26,0,3,9,0.25,3641
6,26,0,3,10,0.0,3642
6,26,0,3,11,0.25,3661
6,26,0,3,12,0.0,4052
6,26,0,3,13,0.0,4018
6,26,0,3,14,0.0,3984
6,26,0,3,15,0.0,3968
6,26,0,3,16,0.0,4025
6,26,0,3,17,0.0,4325
6,26,0,3,18,0.0,4137
6,26,0,3,19,0.0,3997
6,26,0,3,20,0.0,4227
6,26,0,3,21,0.0,4324
6,26,0,3,22,0.0,4002
6,26,0,3,23,0.0,4044
6,27,0,4,2,1.75,4327
6,27,0,4,3,1.75,4264
6,27,0,4,4,3.0,4202
6,27,0,4,5,12.5,4139
6,27,0,4,6,3.5,4076
6,27,0,4,7,4.25,3965
6,27,0,4,8,4.75,4124
6,27,0,4,9,6.5,4111
6,27,0,4,10,1.25,4011
6,27,0,4,11,0.25,4140
6,27,0,4,12,0.0,3917
6,27,0,4,13,0.0,4171
6,27,0,4,14,0.0,4052
6,27,0,4,15,0.0,3998
6,27,0,4,16,0.0,4053
6,27,0,4,17,0.0,4207
6,27,0,4,18,0.0,4126
6,27,0,4,19,0.0,4008
6,27,0,4,20,0.0,3954
6,27,0,4,21,0.0,3990
6,27,0,4,22,0.0,3806
6,27,0,4,23,0.0,3619
6,28,0,5,0,0.0,3121
6,28,0,5,2,0.0,4182
6,28,0,5,3,0.0,4713
6,28,0,5,5,2.75,5774
6,28,0,5,6,4.25,5588
6,28,0,5,7,9.75,5402
6,28,0,5,8,5.25,5033
6,28,0,5,9,7.25,4846
6,28,0,5,10,8.5,4507
6,28,0,5,11,1.75,4332
6,28,0,5,12,0.75,4657
6,28,0,5,13,2.0,5039
6,28,0,5,14,3.25,4681
6,28,0,5,15,1.25,4485
6,28,0,5,16,0.0,4478
6,28,0,5,17,0.0,4438
6,28,0,5,18,0.0,4261
6,28,0,5,19,0.0,4131
6,28,0,5,20,0.25,3989
6,28,0,5,21,0.0,3947
6,28,0,5,22,0.0,3772
6,29,0,6,3,1.5,3880
6,29,0,6,4,0.75,3844
6,29,0,6,5,0.0,3807
6,29,0,6,6,0.0,3771
6,29,0,6,7,0.0,3728
6,29,0,6,8,0.0,3684
6,29,0,6,9,0.0,3626
6,29,0,6,10,0.0,3743
6,29,0,6,11,0.0,3670
6,29,0,6,12,0.0,3699
6,29,0,6,13,0.0,3732
6,29,0,6,14,0.0,4020
6,29,0,6,15,0.0,4145
6,29,0,6,16,0.0,4345
6,29,0,6,17,0.0,4398
6,29,0,6,18,0.0,4438
6,29,0,6,19,0.0,4271
6,29,0,6,20,0.0,4441
6,29,0,6,21,0.0,4122
6,29,0,6,22,0.0,4345
6,29,0,6,23,0.0,4014
6,30,1,7,0,0.0,4506
6,30,1,7,1,2.25,4546
6,30,1,7,2,0.25,4494
6,30,1,7,3,0.0,4396
6,30,1,7,4,0.0,4298
6,30,1,7,5,0.0,4200
6,30,1,7,6,0.0,4182
6,30,1,7,7,0.0,4163
6,30,1,7,8,0.0,4617
6,30,1,7,9,0.25,4531
6,30,1,7,10,1.0,4295
6,30,1,7,11,1.5,4302
6,30,1,7,12,0.0,4352
6,30,1,7,13,0.5,4066
6,30,1,7,14,2.0,4138
6,30,1,7,15,3.0,4473
6,30,1,7,16,2.5,4509
6,30,1,7,17,3.0,4410
6,30,1,7,18,0.75,4310
6,30,1,7,19,0.25,4344
6,30,1,7,20,1.75,4247
6,30,1,7,21,0.5,3978
6,30,1,7,22,0.5,3914
6,30,1,7,23,0.75,3976
7,1,1,1,0,0.0,5209
7,1,1,1,1,0.0,5117
7,1,1,1,2,1.25,5026
7,1,1,1,3,9.0,4934
7,1,1,1,4,3.5,4778
7,1,1,1,5,1.25,4622
7,1,1,1,6,3.25,4466
7,1,1,1,7,4.5,4182
7,1,1,1,8,0.25,4090
7,1,1,1,9,0.25,4251
7,1,1,1,10,0.25,3995
7,1,1,1,11,0.0,4240
7,1,1,1,12,0.0,4136
7,1,1,1,13,0.0,4192
7,1,1,1,14,0.0,4260
7,1,1,1,15,0.0,4268
7,1,1,1,16,0.0,4316
7,1,1,1,17,0.0,4478
7,1,1,1,18,0.0,4582
7,1,1,1,19,0.0,4323
7,1,1,1,20,0.0,4207
7,1,1,1,21,0.0,3911
7,1,1,1,22,0.0,3775
7,2,0,2,2,0.0,3197
7,2,0,2,3,0.5,3197
7,2,0,2,4,0.25,3197
7,2,0,2,5,0.75,3197
7,2,0,2,6,11.25,3472
7,2,0,2,7,5.5,3681
7,2,0,2,8,0.0,3778
7,2,0,2,9,0.0,3937
7,2,0,2,10,0.0,3834
7,2,0,2,11,0.0,3837
7,2,0,2,12,0.0,3855
7,2,0,2,13,0.0,4017
7,2,0,2,14,0.0,3873
7,2,0,2,15,0.0,3668
7,2,0,2,16,0.0,3831
7,2,0,2,17,0.0,3929
7,2,0,2,18,0.0,3875
7,2,0,2,19,0.0,3825
7,2,0,2,20,0.0,3762
7,2,0,2,21,0.0,3741
7,2,0,2,22,0.0,3762
7,3,0,3,5,0.25,4148
7,3,0,3,6,0.5,4201
7,3,0,3,7,0.5,4254
7,3,0,3,8,0.25,4307
7,3,0,3,9,1.5,4360
7,3,0,3,10,1.5,4316
7,3,0,3,11,1.25,4052
7,3,0,3,12,2.0,4269
7,3,0,3,13,2.0,4298
7,3,0,3,14,4.5,4357
7,3,0,3,15,6.0,4640
7,3,0,3,16,6.0,4825
7,3,0,3,17,5.5,4506
7,3,0,3,18,5.25,4643
7,3,0,3,19,4.0,4604
7,3,0,3,20,3.75,4537
7,3,0,3,21,3.75,4169
7,3,0,3,22,3.0,4482
7,4,0,4,4,0.0,7588
7,4,0,4,5,0.0,6198
7,4,0,4,6,0.0,5378
7,4,0,4,7,0.0,4816
7,4,0,4,8,0.0,4321
7,4,0,4,9,0.0,4188
7,4,0,4,10,0.0,4128
7,4,0,4,11,0.0,4007
7,4,0,4,12,0.0,4166
7,4,0,4,13,0.0,4415
7,4,0,4,14,0.0,4197
7,4,0,4,15,0.0,4310
7,4,0,4,16,0.0,4529
7,4,0,4,17,0.0,4481
7,4,0,4,18,0.0,4627
7,4,0,4,19,11.0,4407
7,4,0,4,20,0.0,4354
7,4,0,4,21,0.75,4014
7,5,0,5,0,0.0,3314
7,5,0,5,1,2.0,3699
7,5,0,5,2,0.0,3723
7,5,0,5,3,0.0,3728
7,5,0,5,4,0.25,3720
7,5,0,5,5,0.0,3720
7,5,0,5,6,0.75,3720
7,5,0,5,7,1.5,3713
7,5,0,5,8,1.5,3677
7,5,0,5,9,1.5,3784
7,5,0,5,10,0.5,3959
7,5,0,5,11,1.5,3988
7,5,0,5,12,1.5,4112
7,5,0,5,13,0.0,4219
7,5,0,5,14,0.0,4166
7,5,0,5,15,0.0,4093
7,5,0,5,16,0.0,3916
7,5,0,5,17,0.0,3807
7,5,0,5,18,0.0,4135
7,5,0,5,19,0.0,4061
7,5,0,5,20,0.0,3921
7,5,0,5,21,0.0,3769
7,5,0,5,22,0.0,3725
7,5,0,5,23,0.0,3607
7,6,0,6,4,0.0,2908
7,6,0,6,5,0.0,3159
7,6,0,6,6,0.0,3538
7,6,0,6,7,0.0,3659
7,6,0,6,8,0.0,3622
7,6,0,6,9,0.0,3581
7,6,0,6,10,0.25,3497
7,6,0,6,11,0.0,3562
7,6,0,6,12,0.0,3839
7,6,0,6,13,0.25,3982
7,6,0,6,14,0.0,3871
7,6,0,6,15,0.0,4139
7,6,0,6,16,0.25,4351
7,6,0,6,17,0.25,4365
7,6,0,6,18,0.0,4526
7,6,0,6,19,0.0,4548
7,6,0,6,20,0.0,4323
7,6,0,6,21,0.0,4103
7,6,0,6,22,0.0,3987
7,6,0,6,23,0.0,3849
7,7,1,7,0,0.0,3780
7,7,1,7,1,0.0,3756
7,7,1,7,2,0.0,3731
7,7,1,7,3,0.0,3673
7,7,1,7,4,0.0,3628
7,7,1,7,5,0.0,3583
7,7,1,7,6,0.0,3459
7,7,1,7,7,0.0,3509
7,7,1,7,8,0.0,3719
7,7,1,7,9,0.0,3902
7,7,1,7,10,0.0,3955
7,7,1,7,11,0.0,3957
7,7,1,7,12,0.0,3995
7,7,1,7,13,0.0,3976
7,7,1,7,14,0.0,4006
7,7,1,7,15,0.0,4051
7,7,1,7,16,0.0,4077
7,7,1,7,17,0.0,4241
7,7,1,7,18,0.0,4357
7,7,1,7,19,0.0,4364
7,7,1,7,20,0.0,4198
7,7,1,7,21,0.0,4362
7,7,1,7,22,0.0,4319
7,7,1,7,23,0.0,4091
7,8,1,1,1,0.0,37788
7,8,1,1,2,0.0,36290
7,8,1,1,3,0.0,26748
7,8,1,1,4,0.0,26082
7,8,1,1,5,0.0,20056
7,8,1,1,6,0.0,14954
7,8,1,1,7,0.0,11420
7,8,1,1,8,0.0,9169
7,8,1,1,9,0.0,7593
7,8,1,1,10,0.0,6661
7,8,1,1,11,0.0,6076
7,8,1,1,12,0.0,5522
7,8,1,1,13,0.0,4915
7,8,1,1,14,0.0,4733
7,8,1,1,15,0.0,4461
7,8,1,1,16,0.0,4235
7,8,1,1,17,0.0,4193
7,8,1,1,18,0.0,4120
7,8,1,1,19,0.0,4239
7,8,1,1,20,0.0,4034
7,8,1,1,21,0.0,4105
7,8,1,1,22,0.0,5009
7,8,1,1,23,0.0,4627
7,9,0,2,1,0.0,3606
7,9,0,2,2,0.0,3605
7,9,0,2,3,0.0,3604
7,9,0,2,4,0.0,3599
7,9,0,2,5,0.0,3566
7,9,0,2,6,0.0,3351
7,9,0,2,7,0.0,3353
7,9,0,2,8,0.0,3391
7,9,0,2,9,0.25,3453
7,9,0,2,10,0.0,3478
7,9,0,2,11,0.25,3634
7,9,0,2,12,1.25,3790
7,9,0,2,13,0.0,3993
7,9,0,2,14,3.0,3898
7,9,0,2,15,0.0,3942
7,9,0,2,16,2.5,3930
7,9,0,2,17,1.0,3926
7,9,0,2,18,0.25,3883
7,9,0,2,19,0.0,3792
7,9,0,2,20,0.0,3713
7,9,0,2,21,0.0,3706
7,9,0,2,22,0.25,3694
7,9,0,2,23,0.0,3627
7,10,0,3,0,0.0,3994
7,10,0,3,1,0.0,4013
7,10,0,3,2,0.0,4046
7,10,0,3,3,0.0,4088
7,10,0,3,4,0.0,4136
7,10,0,3,5,0.0,4103
7,10,0,3,6,0.0,4096
7,10,0,3,7,0.0,3912
7,10,0,3,8,0.0,3830
7,10,0,3,9,0.0,3982
7,10,0,3,10,0.0,4134
7,10,0,3,11,0.0,4062
7,10,0,3,12,0.0,4061
7,10,0,3,13,0.0,3883
7,10,0,3,14,0.0,4145
7,10,0,3,15,0.0,4185
7,10,0,3,16,0.0,4410
7,10,0,3,17,0.0,4481
7,10,0,3,18,0.0,4282
7,10,0,3,19,0.0,4185
7,10,0,3,20,0.0,4080
7,10,0,3,21,0.0,3808
7,10,0,3,22,0.0,3767
7,10,0,3,23,0.0,3568
7,11,0,4,5,0.0,3361
7,11,0,4,6,0.0,3174
7,11,0,4,7,0.0,3180
7,11,0,4,8,0.0,3200
7,11,0,4,9,0.0,3325
7,11,0,4,10,0.0,3549
7,11,0,4,11,0.0,3798
7,11,0,4,12,0.0,3788
7,11,0,4,13,0.0,3988
7,11,0,4,14,0.0,3909
7,11,0,4,15,0.0,3926
7,11,0,4,16,0.0,3845
7,11,0,4,17,0.0,3760
7,11,0,4,18,0.0,3701
7,11,0,4,19,0.0,3565
7,11,0,4,20,0.0,3690
7,11,0,4,21,0.0,3720
7,11,0,4,22,0.0,3995
7,11,0,4,23,0.0,3787
7,12,0,5,1,0.0,3147
7,12,0,5,2,0.0,3142
7,12,0,5,3,0.0,3137
7,12,0,5,4,0.0,3125
7,12,0,5,5,0.0,3116
7,12,0,5,6,0.0,3106
7,12,0,5,7,0.0,3582
7,12,0,5,8,0.0,3629
7,12,0,5,9,0.0,3754
7,12,0,5,10,0.0,3841
7,12,0,5,11,0.0,3866
7,12,0,5,12,0.0,4331
7,12,0,5,13,0.0,4496
7,12,0,5,14,0.0,4804
7,12,0,5,15,0.0,4762
7,12,0,5,16,0.0,4789
7,12,0,5,17,0.0,4507
7,12,0,5,18,0.0,4314
7,12,0,5,19,0.0,4228
7,12,0,5,20,0.0,4108
7,12,0,5,21,0.0,4043
7,13,0,6,2,0.0,3021
7,13,0,6,3,0.0,3030
7,13,0,6,4,0.0,3038
7,13,0,6,5,0.0,3058
7,13,0,6,6,0.0,3074
7,13,0,6,7,0.0,3090
7,13,0,6,8,0.0,3266
7,13,0,6,9,0.0,3340
7,13,0,6,10,0.0,3353
7,13,0,6,11,0.0,3731
7,13,0,6,12,0.0,3949
7,13,0,6,13,0.0,4150
7,13,0,6,14,0.0,4070
7,13,0,6,15,0.0,4021
7,13,0,6,16,0.0,3916
7,13,0,6,17,0.0,3906
7,13,0,6,18,0.0,4093
7,13,0,6,19,0.0,4091
7,13,0,6,20,0.0,4076
7,13,0,6,21,0.0,3900
7,13,0,6,22,0.0,3900
7,13,0,6,23,0.0,3897
7,14,1,7,0,0.0,3110
7,14,1,7,1,0.0,3345
7,14,1,7,2,0.0,3294
7,14,1,7,3,0.0,3302
7,14,1,7,4,0.0,3315
7,14,1,7,5,0.0,3385
7,14,1,7,6,0.0,3375
7,14,1,7,7,0.0,3339
7,14,1,7,8,0.0,3540
7,14,1,7,9,0.0,3560
7,14,1,7,10,0.0,3610
7,14,1,7,11,0.0,4015
7,14,1,7,12,0.0,3961
7,14,1,7,13,0.0,4022
7,14,1,7,14,0.0,4302
7,14,1,7,15,0.0,4625
7,14,1,7,16,0.0,4658
7,14,1,7,17,0.0,4454
7,14,1,7,18,0.0,4252
7,14,1,7,19,0.0,4149
7,14,1,7,20,0.0,4016
7,14,1,7,21,0.0,4070
7,14,1,7,22,0.0,4082
7,14,1,7,23,0.0,4286
7,15,1,1,1,0.0,6894
7,15,1,1,2,0.0,6660
7,15,1,1,3,0.0,6263
7,15,1,1,4,0.0,5751
7,15,1,1,5,0.0,5159
7,15,1,1,6,0.0,4706
7,15,1,1,7,0.0,4318
7,15,1,1,8,0.0,4144
7,15,1,1,9,0.0,4150
7,15,1,1,10,0.0,4173
7,15,1,1,11,0.0,4224
7,15,1,1,12,0.0,4403
7,15,1,1,13,0.0,4668
7,15,1,1,14,0.0,4290
7,15,1,1,15,0.0,4209
7,15,1,1,16,0.0,4533
7,15,1,1,17,0.0,4392
7,15,1,1,18,0.0,4558
7,15,1,1,19,0.0,4399
7,15,1,1,20,0.0,4135
7,15,1,1,21,0.0,4095
7,15,1,1,22,0.0,3853
7,15,1,1,23,0.0,4275
7,16,0,2,0,0.0,3051
7,16,0,2,1,0.0,3054
7,16,0,2,2,0.0,3059
7,16,0,2,3,0.0,3085
7,16,0,2,4,0.0,3081
7,16,0,2,5,0.0,3063
7,16,0,2,6,0.0,3300
7,16,0,2,7,0.0,3383
7,16,0,2,8,0.0,3394
7,16,0,2,9,0.0,3568
7,16,0,2,10,0.0,3722
7,16,0,2,11,0.0,3771
7,16,0,2,12,0.0,3664
7,16,0,2,13,0.0,3847
7,16,0,2,14,0.0,4092
7,16,0,2,15,0.0,4086
7,16,0,2,16,0.0,4024
7,16,0,2,17,0.0,3981
7,16,0,2,18,0.0,3779
7,16,0,2,19,0.0,3853
7,16,0,2,20,0.0,3751
7,16,0,2,21,0.0,3772
7,16,0,2,22,0.0,3907
7,16,0,2,23,0.0,4244
7,17,0,3,1,0.0,3152
7,17,0,3,2,0.0,3139
7,17,0,3,3,0.0,3117
7,17,0,3,4,0.0,3089
7,17,0,3,5,0.0,3056
7,17,0,3,6,0.0,4119
7,17,0,3,7,0.0,4072
7,17,0,3,8,0.0,4482
7,17,0,3,9,0.0,4538
7,17,0,3,10,0.0,4331
7,17,0,3,11,0.0,4331
7,17,0,3,12,0.0,4292
7,17,0,3,13,0.0,4140
7,17,0,3,14,0.0,4418
7,17,0,3,15,0.0,4412
7,17,0,3,16,0.0,4368
7,17,0,3,17,0.0,4362
7,17,0,3,18,0.0,4319
7,17,0,3,19,0.0,3985
7,17,0,3,20,0.0,4048
7,17,0,3,21,0.0,3875
7,17,0,3,22,0.0,4021
7,17,0,3,23,0.0,3919
7,18,0,4,3,0.0,5064
7,18,0,4,4,0.0,5011
7,18,0,4,5,0.0,4920
7,18,0,4,6,0.0,4429
7,18,0,4,7,0.0,4084
7,18,0,4,8,0.0,4039
7,18,0,4,9,0.0,4071
7,18,0,4,10,0.0,4037
7,18,0,4,11,0.0,4216
7,18,0,4,12,0.0,4362
7,18,0,4,13,0.0,4396
7,18,0,4,14,0.0,4306
7,18,0,4,15,0.0,4164
7,18,0,4,16,0.0,4090
7,18,0,4,17,0.0,4114
7,18,0,4,18,0.0,4287
7,18,0,4,19,0.0,4143
7,18,0,4,20,0.0,4323
7,18,0,4,21,0.0,4362
7,18,0,4,22,0.0,4238
7,18,0,4,23,0.0,4116
7,19,0,5,0,0.0,3214
7,19,0,5,7,0.0,4189
7,19,0,5,8,0.0,4178
7,19,0,5,9,0.0,4195
7,19,0,5,10,0.0,4117
7,19,0,5,11,0.0,4039
7,19,0,5,12,0.0,4033
7,19,0,5,13,0.0,3968
7,19,0,5,14,0.0,4191
7,19,0,5,15,0.0,4413
7,19,0,5,16,0.0,4465
7,19,0,5,17,0.0,4274
7,19,0,5,18,0.0,3955
7,19,0,5,19,0.0,4065
7,19,0,5,20,0.0,4392
7,19,0,5,21,0.0,4325
7,19,0,5,22,0.0,3897
7,19,0,5,23,0.0,3859
7,20,0,6,1,0.0,3185
7,20,0,6,2,0.0,3237
7,20,0,6,3,0.0,3325
7,20,0,6,4,0.0,3799
7,20,0,6,5,0.0,4124
7,20,0,6,6,0.0,3904
7,20,0,6,7,0.0,3744
7,20,0,6,8,0.0,3918
7,20,0,6,9,0.0,3893
7,20,0,6,10,0.0,3890
7,20,0,6,11,0.0,3846
7,20,0,6,12,0.0,3806
7,20,0,6,13,0.0,4118
7,20,0,6,14,0.0,4283
7,20,0,6,15,0.0,4317
7,20,0,6,16,0.0,4486
7,20,0,6,17,0.0,4291
7,20,0,6,18,0.0,4446
7,20,0,6,19,0.0,4320
7,20,0,6,20,0.0,4352
7,20,0,6,21,0.0,4243
7,20,0,6,22,0.0,4064
7,20,0,6,23,0.0,4097
7,21,1,7,2,0.0,4141
7,21,1,7,3,0.0,3927
7,21,1,7,4,0.0,3977
7,21,1,7,5,0.0,4061
7,21,1,7,6,0.0,4518
7,21,1,7,7,0.0,4326
7,21,1,7,8,0.0,4225
7,21,1,7,9,0.0,4191
7,21,1,7,10,0.0,4183
7,21,1,7,11,0.0,4212
7,21,1,7,12,0.0,4209
7,21,1,7,13,0.0,4023
7,21,1,7,14,0.0,4100
7,21,1,7,15,0.0,4242
7,21,1,7,16,0.0,4335
7,21,1,7,17,0.0,4257
7,21,1,7,18,0.0,4314
7,21,1,7,19,0.0,4253
7,21,1,7,20,0.0,4264
7,21,1,7,21,0.0,4071
7,21,1,7,22,0.0,3807
7,21,1,7,23,0.0,3672
7,22,1,1,0,0.0,3847
7,22,1,1,1,0.0,3742
7,22,1,1,2,0.0,3598
7,22,1,1,3,0.0,3454
7,22,1,1,4,0.0,3310
7,22,1,1,5,0.0,3166
7,22,1,1,6,0.0,3125
7,22,1,1,7,0.0,3032
7,22,1,1,8,0.0,3392
7,22,1,1,9,0.0,3413
7,22,1,1,10,0.0,3433
7,22,1,1,11,0.0,3572
7,22,1,1,12,0.0,3829
7,22,1,1,13,0.0,4212
7,22,1,1,14,0.0,4161
7,22,1,1,15,0.0,4121
7,22,1,1,16,0.0,4120
7,22,1,1,17,0.0,4616
7,22,1,1,18,0.0,4296
7,22,1,1,19,0.0,4134
7,22,1,1,20,0.0,3929
7,22,1,1,21,0.0,3862
7,22,1,1,22,0.0,3651
7,22,1,1,23,0.0,3749
7,23,0,2,0,0.0,2935
7,23,0,2,1,0.0,3163
7,23,0,2,2,0.0,3184
7,23,0,2,3,0.0,3205
7,23,0,2,4,0.0,3226
7,23,0,2,5,0.0,3232
7,23,0,2,6,0.0,3238
7,23,0,2,7,0.0,3244
7,23,0,2,8,0.0,3292
7,23,0,2,9,0.0,3317
7,23,0,2,10,0.0,3437
7,23,0,2,11,0.0,3483
7,23,0,2,12,0.0,3681
7,23,0,2,13,0.0,3715
7,23,0,2,14,0.0,3807
7,23,0,2,15,0.0,3899
7,23,0,2,16,0.0,4295
7,23,0,2,17,0.0,4231
7,23,0,2,18,0.0,4131
7,23,0,2,19,0.0,3898
7,23,0,2,20,0.0,3756
7,23,0,2,21,0.0,3718
7,23,0,2,22,0.0,3703
7,23,0,2,23,0.0,3687
7,24,0,3,1,0.0,3358
7,24,0,3,2,0.0,3302
7,24,0,3,3,0.0,3316
7,24,0,3,4,0.0,3276
7,24,0,3,5,0.0,3235
7,24,0,3,6,0.0,3166
7,24,0,3,7,0.0,3639
7,24,0,3,8,0.0,3719
7,24,0,3,9,0.0,3693
7,24,0,3,10,0.0,3782
7,24,0,3,11,0.0,4063
7,24,0,3,12,0.0,4091
7,24,0,3,13,0.0,4636
7,24,0,3,14,0.0,4380
7,24,0,3,15,0.0,4426
7,24,0,3,16,0.0,4848
7,24,0,3,17,0.0,4838
7,24,0,3,18,0.0,4402
7,24,0,3,19,0.0,4287
7,24,0,3,20,0.0,4124
7,24,0,3,21,0.0,3957
7,24,0,3,22,0.0,3893
7,24,0,3,23,0.0,3903
7,25,0,4,0,0.0,5700
7,25,0,4,1,0.0,5181
7,25,0,4,2,0.0,4737
7,25,0,4,3,0.0,4294
7,25,0,4,4,0.0,3850
7,25,0,4,5,0.0,3406
7,25,0,4,6,0.0,3337
7,25,0,4,7,0.0,3467
7,25,0,4,8,0.0,3766
7,25,0,4,9,0.0,3656
7,25,0,4,10,0.0,3662
7,25,0,4,11,0.0,3672
7,25,0,4,12,0.0,3752
7,25,0,4,13,0.0,3693
7,25,0,4,14,0.0,3735
7,25,0,4,15,0.0,3776
7,25,0,4,16,0.0,3810
7,25,0,4,17,0.0,3774
7,25,0,4,18,0.0,3737
7,25,0,4,19,0.0,3732
7,25,0,4,20,0.0,3667
7,25,0,4,21,0.0,3602
7,25,0,4,22,0.0,3670
7,25,0,4,23,0.0,3926
7,26,0,5,0,0.0,3054
7,26,0,5,1,0.0,3073
7,26,0,5,2,0.0,3146
7,26,0,5,3,0.0,3220
7,26,0,5,4,0.0,3293
7,26,0,5,5,0.0,3509
7,26,0,5,6,0.0,3725
7,26,0,5,7,0.0,3618
7,26,0,5,8,0.0,3873
7,26,0,5,9,0.0,3952
7,26,0,5,10,0.0,4471
7,26,0,5,11,0.0,4353
7,26,0,5,12,0.0,4268
7,26,0,5,13,0.0,4321
7,26,0,5,14,0.0,4235
7,26,0,5,15,0.0,4218
7,26,0,5,16,0.0,4268
7,26,0,5,17,0.0,4270
7,26,0,5,18,0.0,4060
7,26,0,5,19,0.0,4004
7,26,0,5,20,0.0,3995
7,26,0,5,21,0.0,4430
7,27,0,6,7,0.0,3576
7,27,0,6,8,0.0,3783
7,27,0,6,9,0.0,3956
7,27,0,6,10,0.0,3981
7,27,0,6,11,0.0,3948
7,27,0,6,12,0.0,3957
7,27,0,6,13,0.5,3784
7,27,0,6,14,0.25,3915
7,27,0,6,15,0.0,3953
7,27,0,6,16,0.0,3976
7,27,0,6,17,0.0,4102
7,27,0,6,18,0.0,4045
7,27,0,6,19,0.0,4263
7,27,0,6,20,0.0,4604
7,27,0,6,21,0.0,4765
7,27,0,6,22,0.0,4481
7,27,0,6,23,0.0,4670
7,28,1,7,1,0.0,3683
7,28,1,7,3,1.0,3876
7,28,1,7,4,0.0,3973
7,28,1,7,6,0.0,4166
7,28,1,7,7,0.0,4030
7,28,1,7,8,0.0,4048
7,28,1,7,9,0.0,4238
7,28,1,7,10,0.0,4502
7,28,1,7,11,0.0,4413
7,28,1,7,12,0.0,4458
7,28,1,7,13,0.0,4382
7,28,1,7,14,0.0,4329
7,28,1,7,15,0.0,4484
7,28,1,7,16,0.0,4610
7,28,1,7,17,0.0,4740
7,28,1,7,18,0.0,4673
7,28,1,7,19,0.0,4439
7,28,1,7,20,0.0,4741
7,28,1,7,21,0.0,4637
7,28,1,7,22,0.0,4453
7,28,1,7,23,0.0,4269
7,29,1,1,0,0.0,5194
7,29,1,1,1,0.0,4723
7,29,1,1,2,0.0,4511
7,29,1,1,3,0.0,4298
7,29,1,1,4,0.0,4123
7,29,1,1,5,0.0,3901
7,29,1,1,6,0.0,3903
7,29,1,1,7,0.0,3904
7,29,1,1,8,0.0,3856
7,29,1,1,9,0.0,3807
7,29,1,1,10,0.0,4069
7,29,1,1,11,0.0,4151
7,29,1,1,12,0.0,4382
7,29,1,1,13,0.0,4339
7,29,1,1,14,0.0,4373
7,29,1,1,15,0.0,4213
7,29,1,1,16,0.0,4179
7,29,1,1,17,0.0,4392
7,29,1,1,18,0.0,4404
7,29,1,1,19,0.0,4151
7,29,1,1,20,0.0,4057
7,29,1,1,21,0.0,4043
7,29,1,1,22,0.0,4029
7,29,1,1,23,0.0,4015
7,30,0,2,0,0.25,3733
7,30,0,2,1,1.25,3687
7,30,0,2,3,0.0,3303
7,30,0,2,4,0.0,3110
7,30,0,2,6,0.0,2726
7,30,0,2,7,0.0,3031
7,30,0,2,8,0.0,3363
7,30,0,2,9,0.0,3664
7,30,0,2,10,0.0,3979
7,30,0,2,11,0.0,4181
7,30,0,2,12,0.0,4242
7,30,0,2,13,0.0,4166
7,30,0,2,14,0.0,4400
7,30,0,2,15,0.0,4297
7,30,0,2,16,0.0,4266
7,30,0,2,17,0.0,4142
7,30,0,2,18,0.0,4616
7,30,0,2,19,0.0,4396
7,30,0,2,20,0.0,4276
7,30,0,2,21,0.0,4191
7,30,0,2,22,0.0,3853
7,31,0,3,0,0.0,3788
7,31,0,3,2,0.0,3715
7,31,0,3,3,0.0,3679
7,31,0,3,5,0.0,3606
7,31,0,3,6,0.0,3641
7,31,0,3,7,0.0,3573
7,31,0,3,8,0.0,3682
7,31,0,3,9,0.0,3855
7,31,0,3,10,0.0,3788
7,31,0,3,11,0.0,4307
7,31,0,3,12,0.0,4157
7,31,0,3,13,0.0,4092
7,31,0,3,14,0.0,4164
7,31,0,3,15,0.0,4155
7,31,0,3,16,0.0,4123
7,31,0,3,17,0.0,4466
7,31,0,3,18,0.0,4863
7,31,0,3,19,0.0,4515
7,31,0,3,20,0.0,4269
7,31,0,3,21,0.0,4257
7,31,0,3,22,0.0,4328
8,1,0,4,0,0.0,4735
8,1,0,4,1,0.0,4381
8,1,0,4,2,0.0,4116
8,1,0,4,3,0.0,4109
8,1,0,4,4,0.0,4064
8,1,0,4,5,0.0,4118
8,1,0,4,6,0.0,4454
8,1,0,4,7,0.0,4106
8,1,0,4,8,0.0,4157
8,1,0,4,9,0.0,4107
8,1,0,4,10,0.0,4224
8,1,0,4,11,0.0,4441
8,1,0,4,12,0.0,4369
8,1,0,4,13,0.0,4362
8,1,0,4,14,0.0,4975
8,1,0,4,15,0.0,4765
8,1,0,4,16,0.0,4938
8,1,0,4,17,0.0,4899
8,1,0,4,18,0.0,4694
8,1,0,4,19,0.0,4738
8,1,0,4,20,0.0,4696
8,1,0,4,21,0.0,4427
8,1,0,4,22,0.0,4221
8,1,0,4,23,0.0,4309
8,2,0,5,0,0.0,3385
8,2,0,5,1,0.0,3375
8,2,0,5,2,0.0,3311
8,2,0,5,3,0.0,3400
8,2,0,5,4,0.0,3405
8,2,0,5,5,0.0,3425
8,2,0,5,6,0.0,3457
8,2,0,5,7,0.0,3663
8,2,0,5,8,0.0,3939
8,2,0,5,9,0.0,3777
8,2,0,5,10,0.0,4022
8,2,0,5,11,0.0,4135
8,2,0,5,12,0.0,4045
8,2,0,5,13,0.0,4187
8,2,0,5,14,0.0,4393
8,2,0,5,15,0.0,4376
8,2,0,5,16,0.0,4433
8,2,0,5,17,0.0,4259
8,2,0,5,18,0.0,4274
8,2,0,5,19,0.0,4367
8,2,0,5,20,0.0,3989
8,2,0,5,21,0.0,4483
8,3,0,6,0,0.0,4872
8,3,0,6,1,0.0,4815
8,3,0,6,2,0.0,4758
8,3,0,6,3,0.0,4622
8,3,0,6,4,0.0,4518
8,3,0,6,5,0.0,4413
8,3,0,6,6,0.0,4126
8,3,0,6,7,0.0,4051
8,3,0,6,8,0.0,4153
8,3,0,6,9,0.0,4148
8,3,0,6,10,0.0,4017
8,3,0,6,11,0.0,3964
8,3,0,6,12,0.0,4080
8,3,0,6,13,0.0,4289
8,3,0,6,14,0.0,4173
8,3,0,6,15,0.0,4860
8,3,0,6,16,0.0,5319
8,3,0,6,17,0.0,5135
8,3,0,6,18,0.0,4792
8,3,0,6,19,0.0,4636
8,3,0,6,20,0.0,4436
8,3,0,6,21,0.0,4993
8,3,0,6,22,0.0,4662
8,4,1,7,0,0.0,3730
8,4,1,7,1,0.0,3742
8,4,1,7,2,0.0,3763
8,4,1,7,3,0.0,3874
8,4,1,7,4,0.0,3851
8,4,1,7,5,0.0,3818
8,4,1,7,6,0.0,3663
8,4,1,7,7,0.0,3603
8,4,1,7,8,0.0,3680
8,4,1,7,9,0.0,3859
8,4,1,7,10,0.0,3918
8,4,1,7,11,0.0,3850
8,4,1,7,12,0.0,3922
8,4,1,7,13,0.0,4139
8,4,1,7,14,0.0,4376
8,4,1,7,15,0.0,4473
8,4,1,7,16,0.0,4442
8,4,1,7,17,0.0,4321
8,4,1,7,18,0.0,4250
8,4,1,7,19,0.0,4358
8,4,1,7,20,0.0,4376
8,4,1,7,21,0.0,4138
8,4,1,7,22,0.0,4113
8,4,1,7,23,0.0,4819
8,5,1,1,0,0.0,3401
8,5,1,1,1,0.0,3210
8,5,1,1,2,0.0,3358
8,5,1,1,3,0.0,3365
8,5,1,1,4,0.0,3398
8,5,1,1,5,0.0,3430
8,5,1,1,6,0.0,3521
8,5,1,1,7,0.0,3349
8,5,1,1,8,0.0,3458
8,5,1,1,9,0.0,3567
8,5,1,1,10,0.0,3814
8,5,1,1,11,0.0,3841
8,5,1,1,12,0.0,3840
8,5,1,1,13,0.0,3959
8,5,1,1,14,0.0,4048
8,5,1,1,15,0.0,4119
8,5,1,1,16,0.0,4392
8,5,1,1,17,0.0,4582
8,5,1,1,18,0.0,4617
8,5,1,1,19,0.0,4475
8,5,1,1,20,0.0,4212
8,5,1,1,21,0.0,3971
8,5,1,1,22,0.0,3891
8,5,1,1,23,0.0,3644
8,6,0,2,1,0.0,5875
8,6,0,2,2,0.0,5704
8,6,0,2,3,0.0,5414
8,6,0,2,4,0.0,5041
8,6,0,2,5,0.0,4609
8,6,0,2,6,0.0,4103
8,6,0,2,7,0.0,3822
8,6,0,2,8,0.0,3875
8,6,0,2,9,0.0,4051
8,6,0,2,10,0.0,3929
8,6,0,2,11,0.0,3815
8,6,0,2,12,0.0,3997
8,6,0,2,13,0.0,3938
8,6,0,2,14,0.0,4219
8,6,0,2,15,0.0,4329
8,6,0,2,16,0.0,4447
8,6,0,2,17,0.0,4657
8,6,0,2,18,0.0,4365
8,6,0,2,19,0.0,4018
8,6,0,2,20,0.0,3933
8,6,0,2,21,0.0,3851
8,6,0,2,22,4.0,3643
8,7,0,3,0,0.0,3202
8,7,0,3,1,0.0,3203
8,7,0,3,2,0.0,3204
8,7,0,3,3,0.0,3209
8,7,0,3,4,0.0,3208
8,7,0,3,5,0.0,3206
8,7,0,3,6,0.0,3199
8,7,0,3,7,0.0,3349
8,7,0,3,8,0.0,3715
8,7,0,3,9,0.0,3804
8,7,0,3,10,0.0,3893
8,7,0,3,11,0.0,3810
8,7,0,3,12,0.0,4115
8,7,0,3,13,0.0,4284
8,7,0,3,14,0.0,4548
8,7,0,3,15,0.0,4381
8,7,0,3,16,0.0,4450
8,7,0,3,17,0.0,4120
8,7,0,3,18,0.0,4482
8,7,0,3,19,0.0,4843
8,7,0,3,20,0.0,4742
8,7,0,3,21,0.0,4550
8,7,0,3,22,0.0,4403
8,7,0,3,23,0.0,4324
8,8,0,4,4,0.0,3674
8,8,0,4,5,0.0,3452
8,8,0,4,6,0.0,3466
8,8,0,4,7,0.0,3553
8,8,0,4,8,0.0,3400
8,8,0,4,9,0.0,3340
8,8,0,4,10,0.0,3349
8,8,0,4,11,0.0,3416
8,8,0,4,12,0.0,3435
8,8,0,4,13,0.0,3525
8,8,0,4,14,0.0,3600
8,8,0,4,15,0.0,3841
8,8,0,4,16,0.0,3832
8,8,0,4,17,0.0,3844
8,8,0,4,18,0.0,3822
8,8,0,4,19,0.0,3841
8,8,0,4,20,0.0,3918
8,8,0,4,21,0.0,3773
8,8,0,4,22,0.0,4036
8,8,0,4,23,0.0,3762
8,9,0,5,4,0.0,3722
8,9,0,5,5,0.0,3701
8,9,0,5,6,0.0,3567
8,9,0,5,7,0.0,3473
8,9,0,5,8,0.0,3737
8,9,0,5,9,0.0,3756
8,9,0,5,10,0.0,3941
8,9,0,5,11,0.0,4091
8,9,0,5,12,0.0,3953
8,9,0,5,13,0.0,3815
8,9,0,5,14,0.0,3910
8,9,0,5,15,0.0,4157
8,9,0,5,16,0.0,4221
8,9,0,5,17,0.0,4025
8,9,0,5,18,0.0,3959
8,9,0,5,19,0.0,4122
8,9,0,5,20,0.0,4271
8,9,0,5,21,0.0,4448
8,9,0,5,22,2.25,4405
8,9,0,5,23,0.0,4176
8,10,0,6,0,0.0,4069
8,10,0,6,1,0.0,3967
8,10,0,6,2,2.25,3961
8,10,0,6,3,6.75,3951
8,10,0,6,4,19.75,3938
8,10,0,6,5,0.5,3922
8,10,0,6,6,0.25,3935
8,10,0,6,7,5.25,4076
8,10,0,6,8,9.5,3878
8,10,0,6,9,0.0,3798
8,10,0,6,10,0.0,3746
8,10,0,6,11,0.0,3900
8,10,0,6,12,0.0,4053
8,10,0,6,13,0.0,3988
8,10,0,6,14,0.0,3915
8,10,0,6,15,0.0,4020
8,10,0,6,16,0.0,4026
8,10,0,6,17,0.0,4325
8,10,0,6,18,0.0,4441
8,10,0,6,19,0.0,4764
8,10,0,6,20,0.0,4589
8,10,0,6,21,0.0,4307
8,10,0,6,22,0.0,4855
8,10,0,6,23,0.0,4414
8,11,1,7,1,0.0,5301
8,11,1,7,2,0.0,5189
8,11,1,7,3,0.0,5076
8,11,1,7,4,0.25,4806
8,11,1,7,5,0.0,4599
8,11,1,7,6,0.0,4391
8,11,1,7,7,0.0,4081
8,11,1,7,8,0.0,4030
8,11,1,7,9,0.0,4134
8,11,1,7,10,0.0,4040
8,11,1,7,11,0.0,4186
8,11,1,7,12,0.0,4545
8,11,1,7,13,0.0,4869
8,11,1,7,14,0.0,4631
8,11,1,7,15,0.0,4319
8,11,1,7,16,0.0,4275
8,11,1,7,17,0.0,4157
8,11,1,7,18,0.0,3973
8,11,1,7,19,0.0,3935
8,11,1,7,20,0.0,4008
8,11,1,7,21,0.0,3840
8,11,1,7,22,0.0,3763
8,12,1,1,7,0.0,3161
8,12,1,1,8,0.5,4266
8,12,1,1,9,0.0,4049
8,12,1,1,10,0.0,4076
8,12,1,1,11,0.0,4172
8,12,1,1,12,0.0,4073
8,12,1,1,13,0.0,4089
8,12,1,1,14,0.0,4238
8,12,1,1,15,0.0,4207
8,12,1,1,16,0.0,4931
8,12,1,1,17,0.0,4857
8,12,1,1,18,0.0,4459
8,12,1,1,19,0.0,4414
8,12,1,1,20,0.0,4311
8,12,1,1,21,0.0,4047
8,12,1,1,22,0.0,4057
8,13,0,2,1,0.0,3316
8,13,0,2,2,0.0,3345
8,13,0,2,3,0.0,3374
8,13,0,2,4,0.0,3443
8,13,0,2,5,0.0,3496
8,13,0,2,6,0.0,3549
8,13,0,2,7,0.0,3458
8,13,0,2,8,0.0,3531
8,13,0,2,9,0.0,3602
8,13,0,2,10,0.0,3808
8,13,0,2,11,0.0,3839
8,13,0,2,12,0.0,3879
8,13,0,2,13,0.0,3912
8,13,0,2,14,0.0,4131
8,13,0,2,15,0.0,4361
8,13,0,2,16,0.0,4116
8,13,0,2,17,0.0,4013
8,13,0,2,18,0.0,4081
8,13,0,2,19,0.0,4116
8,13,0,2,20,0.0,3985
8,13,0,2,21,0.0,3920
8,13,0,2,22,0.0,3910
8,13,0,2,23,0.0,3845
8,14,0,3,0,0.0,3334
8,14,0,3,1,0.0,3635
8,14,0,3,2,0.0,3719
8,14,0,3,3,0.0,3688
8,14,0,3,4,0.0,3656
8,14,0,3,5,0.0,3452
8,14,0,3,6,0.0,3355
8,14,0,3,7,0.0,3368
8,14,0,3,8,0.0,3380
8,14,0,3,9,0.0,3845
8,14,0,3,10,0.0,3758
8,14,0,3,11,0.0,3966
8,14,0,3,12,0.0,3977
8,14,0,3,13,0.0,4376
8,14,0,3,14,0.0,4321
8,14,0,3,15,0.0,4206
8,14,0,3,16,0.0,4333
8,14,0,3,17,0.0,4454
8,14,0,3,18,0.0,4274
8,14,0,3,19,0.0,4293
8,14,0,3,20,0.0,4377
8,14,0,3,21,0.0,4325
8,14,0,3,22,0.0,4362
8,14,0,3,23,0.0,4223
8,15,1,4,0,0.0,4367
8,15,1,4,1,0.0,4026
8,15,1,4,2,0.0,3973
8,15,1,4,3,0.0,3920
8,15,1,4,4,0.0,3793
8,15,1,4,5,0.0,3696
8,15,1,4,6,0.0,3598
8,15,1,4,7,0.0,3539
8,15,1,4,8,0.0,3558
8,15,1,4,9,0.0,3562
8,15,1,4,10,0.0,3961
8,15,1,4,11,0.0,4204
8,15,1,4,12,0.0,4080
8,15,1,4,13,0.0,4233
8,15,1,4,14,0.0,4181
8,15,1,4,15,0.0,4411
8,15,1,4,16,0.0,4412
8,15,1,4,17,0.0,4297
8,15,1,4,18,0.0,4103
8,15,1,4,19,0.0,3929
8,15,1,4,20,0.0,3972
8,15,1,4,21,0.0,4068
8,15,1,4,22,0.75,4096
8,15,1,4,23,5.75,3922
8,16,0,5,1,1.0,3094
8,16,0,5,2,0.0,3120
8,16,0,5,3,0.25,3145
8,16,0,5,4,0.25,3207
8,16,0,5,5,1.5,3254
8,16,0,5,6,0.0,3301
8,16,0,5,7,0.0,3414
8,16,0,5,8,0.0,3734
8,16,0,5,9,0.0,3812
8,16,0,5,10,0.0,3752
8,16,0,5,11,0.0,4087
8,16,0,5,12,5.75,4020
8,16,0,5,13,1.0,3952
8,16,0,5,14,0.25,3902
8,16,0,5,15,0.0,3901
8,16,0,5,16,0.0,4125
8,16,0,5,17,0.0,4694
8,16,0,5,18,0.0,4480
8,16,0,5,19,0.0,4487
8,16,0,5,20,0.0,4369
8,16,0,5,21,0.0,4151
8,16,0,5,22,0.0,3938
8,16,0,5,23,0.0,3948
8,17,0,6,0,0.0,3404
8,17,0,6,1,0.0,3494
8,17,0,6,2,0.0,4068
8,17,0,6,3,0.0,4101
8,17,0,6,4,0.0,4418
8,17,0,6,5,0.0,4210
8,17,0,6,6,0.0,3888
8,17,0,6,7,0.0,3928
8,17,0,6,8,0.0,3945
8,17,0,6,9,0.0,3909
8,17,0,6,10,0.0,3904
8,17,0,6,11,0.0,3863
8,17,0,6,12,0.0,4160
8,17,0,6,13,0.0,4111
8,17,0,6,14,0.0,4083
8,17,0,6,15,0.0,4055
8,17,0,6,16,0.0,4013
8,17,0,6,17,0.0,4128
8,17,0,6,18,0.0,4071
8,17,0,6,19,0.0,3955
8,17,0,6,20,0.0,3979
8,17,0,6,21,0.0,3906
8,17,0,6,22,0.0,3833
8,17,0,6,23,0.0,4324
8,18,1,7,0,0.0,3300
8,18,1,7,1,0.0,3347
8,18,1,7,2,0.0,3359
8,18,1,7,3,0.0,3371
8,18,1,7,4,0.0,3399
8,18,1,7,5,0.0,3421
8,18,1,7,6,0.0,3443
8,18,1,7,7,0.0,3370
8,18,1,7,8,0.0,3528
8,18,1,7,9,0.0,3774
8,18,1,7,10,0.0,3920
8,18,1,7,11,0.0,4351
8,18,1,7,12,0.0,4478
8,18,1,7,13,0.0,4442
8,18,1,7,14,0.0,4376
8,18,1,7,15,0.0,4191
8,18,1,7,16,0.0,4191
8,18,1,7,17,0.0,4122
8,18,1,7,18,0.0,4025
8,18,1,7,19,0.0,4224
8,18,1,7,20,0.0,4122
8,18,1,7,21,0.0,4012
8,18,1,7,22,0.0,4186
8,19,1,1,0,0.0,3360
8,19,1,1,1,0.0,3505
8,19,1,1,2,0.0,3494
8,19,1,1,3,0.0,3421
8,19,1,1,4,0.0,3448
8,19,1,1,5,0.0,3492
8,19,1,1,6,0.0,3721
8,19,1,1,7,0.0,3590
8,19,1,1,8,0.0,3447
8,19,1,1,9,0.0,3612
8,19,1,1,10,0.0,3698
8,19,1,1,11,0.0,4120
8,19,1,1,12,0.0,4163
8,19,1,1,13,0.0,4541
8,19,1,1,14,0.0,4483
8,19,1,1,15,0.0,4281
8,19,1,1,16,0.0,4245
8,19,1,1,17,0.0,4227
8,19,1,1,18,0.0,4420
8,19,1,1,19,0.0,4401
8,19,1,1,20,0.0,4280
8,19,1,1,21,0.0,4045
8,19,1,1,22,0.0,3986
8,19,1,1,23,0.0,3921
8,20,0,2,0,0.0,3853
8,20,0,2,1,0.0,3873
8,20,0,2,2,0.0,3932
8,20,0,2,3,0.0,4308
8,20,0,2,4,0.0,4041
8,20,0,2,5,0.0,3998
8,20,0,2,6,0.0,3767
8,20,0,2,7,0.0,3648
8,20,0,2,8,0.0,3500
8,20,0,2,9,0.0,3535
8,20,0,2,10,0.0,3500
8,20,0,2,11,0.0,3729
8,20,0,2,12,0.0,3779
8,20,0,2,13,0.0,3697
8,20,0,2,14,0.0,3891
8,20,0,2,15,0.0,3895
8,20,0,2,16,0.0,3843
8,20,0,2,17,0.0,4005
8,20,0,2,18,0.0,4036
8,20,0,2,19,0.0,3853
8,20,0,2,20,0.0,4233
8,20,0,2,21,0.0,4042
8,20,0,2,22,0.0,3789
8,20,0,2,23,0.0,3924
8,21,0,3,1,0.0,3832
8,21,0,3,2,0.0,3820
8,21,0,3,3,0.0,3799
8,21,0,3,4,0.0,3687
8,21,0,3,5,0.0,3685
8,21,0,3,6,0.0,3675
8,21,0,3,7,0.0,3598
8,21,0,3,8,0.0,3735
8,21,0,3,9,0.0,3649
8,21,0,3,10,0.0,3954
8,21,0,3,11,0.0,4071
8,21,0,3,12,0.0,4002
8,21,0,3,13,0.0,4135
8,21,0,3,14,0.0,4202
8,21,0,3,15,0.0,4391
8,21,0,3,16,0.0,4537
8,21,0,3,17,0.0,4428
8,21,0,3,18,0.0,4354
8,21,0,3,19,0.0,4793
8,21,0,3,20,0.0,4578
8,21,0,3,21,0.0,4466
8,21,0,3,22,0.0,4343
8,21,0,3,23,0.0,4211
8,22,0,4,0,0.0,4205
8,22,0,4,3,0.0,3940
8,22,0,4,6,0.0,3675
8,22,0,4,7,0.0,3710
8,22,0,4,8,0.0,4139
8,22,0,4,9,0.0,4685
8,22,0,4,10,0.0,4389
8,22,0,4,11,0.0,4379
8,22,0,4,12,0.0,4268
8,22,0,4,13,0.0,4175
8,22,0,4,14,0.0,5176
8,22,0,4,15,0.0,5051
8,22,0,4,16,0.0,4867
8,22,0,4,17,0.0,4722
8,22,0,4,18,0.0,4656
8,22,0,4,19,0.0,4314
8,22,0,4,20,0.0,4217
8,22,0,4,21,0.0,3882
8,22,0,4,22,0.0,4165
8,22,0,4,23,0.0,4447
8,23,0,5,0,0.0,4210
8,23,0,5,1,0.0,4027
8,23,0,5,4,0.0,3546
8,23,0,5,7,0.0,3064
8,23,0,5,8,0.0,3543
8,23,0,5,9,0.0,3559
8,23,0,5,10,0.0,3575
8,23,0,5,11,0.0,3860
8,23,0,5,12,0.0,4145
8,23,0,5,13,0.0,4556
8,23,0,5,14,0.0,4753
8,23,0,5,15,0.0,4612
8,23,0,5,16,1.25,4846
8,23,0,5,17,1.75,4574
8,23,0,5,18,1.0,4451
8,23,0,5,19,0.25,4487
8,23,0,5,20,1.25,4322
8,23,0,5,21,2.75,4187
8,23,0,5,22,2.0,4051
8,23,0,5,23,0.0,3916
8,24,0,6,0,0.5,3746
8,24,0,6,1,0.5,4076
8,24,0,6,2,0.75,4406
8,24,0,6,3,2.0,4474
8,24,0,6,4,2.75,4542
8,24,0,6,5,1.0,4609
8,24,0,6,6,0.0,4677
8,24,0,6,7,0.0,4598
8,24,0,6,8,0.0,4697
8,24,0,6,9,0.0,4401
8,24,0,6,10,0.0,4266
8,24,0,6,11,0.0,4373
8,24,0,6,12,0.0,4173
8,24,0,6,13,0.0,4337
8,24,0,6,14,0.0,4420
8,24,0,6,15,0.0,4649
8,24,0,6,16,0.0,4403
8,24,0,6,17,0.0,4316
8,24,0,6,18,0.0,4351
8,24,0,6,19,0.0,4386
8,24,0,6,20,0.0,4254
8,24,0,6,21,0.0,4273
8,24,0,6,22,0.0,4072
8,24,0,6,23,0.0,3706
8,25,1,7,0,0.0,4201
8,25,1,7,1,0.0,4058
8,25,1,7,2,0.0,3935
8,25,1,7,3,0.0,3812
8,25,1,7,4,0.0,3688
8,25,1,7,5,0.0,3565
8,25,1,7,6,0.0,3562
8,25,1,7,7,0.0,3560
8,25,1,7,8,0.0,3994
8,25,1,7,9,0.0,3977
8,25,1,7,10,0.0,4106
8,25,1,7,11,0.0,4161
8,25,1,7,12,0.0,4046
8,25,1,7,13,1.25,4355
8,25,1,7,14,0.0,4526
8,25,1,7,15,0.75,4640
8,25,1,7,16,0.5,4618
8,25,1,7,17,0.0,4554
8,25,1,7,18,0.25,4298
8,25,1,7,19,0.25,4059
8,25,1,7,20,0.0,4260
8,25,1,7,21,0.0,4342
8,25,1,7,22,0.0,4067
8,25,1,7,23,0.0,4322
8,26,1,1,0,0.0,3961
8,26,1,1,1,0.0,3983
8,26,1,1,2,0.5,3938
8,26,1,1,3,0.75,3893
8,26,1,1,4,0.5,3933
8,26,1,1,5,2.0,3973
8,26,1,1,6,15.25,4019
8,26,1,1,7,3.5,4089
8,26,1,1,8,2.75,4306
8,26,1,1,9,8.5,4053
8,26,1,1,10,3.25,4221
8,26,1,1,11,3.5,4310
8,26,1,1,12,1.75,4156
8,26,1,1,13,0.25,4309
8,26,1,1,14,1.0,4303
8,26,1,1,15,1.25,4303
8,26,1,1,16,2.5,4382
8,26,1,1,17,6.75,4443
8,26,1,1,18,4.5,4378
8,26,1,1,19,1.25,4215
8,26,1,1,20,2.5,4341
8,26,1,1,21,0.75,4466
8,26,1,1,22,1.75,4600
8,26,1,1,23,0.75,4242
8,27,0,2,3,6.5,4026
8,27,0,2,4,0.0,4014
8,27,0,2,5,0.5,4002
8,27,0,2,6,1.75,3951
8,27,0,2,7,6.0,3886
8,27,0,2,8,14.25,3914
8,27,0,2,9,10.25,3973
8,27,0,2,10,0.75,3987
8,27,0,2,11,0.25,3965
8,27,0,2,12,0.25,4168
8,27,0,2,13,1.0,4200
8,27,0,2,14,1.25,4112
8,27,0,2,15,0.5,4112
8,27,0,2,16,0.25,4744
8,27,0,2,17,0.25,4715
8,27,0,2,18,0.25,4551
8,27,0,2,19,0.25,4476
8,27,0,2,20,0.0,4149
8,27,0,2,21,0.0,4251
8,27,0,2,22,0.0,4830
8,28,0,3,0,0.25,3849
8,28,0,3,1,0.0,3751
8,28,0,3,2,3.0,3654
8,28,0,3,3,1.0,3556
8,28,0,3,4,0.0,3458
8,28,0,3,5,0.0,3467
8,28,0,3,6,0.0,3475
8,28,0,3,7,0.0,3547
8,28,0,3,8,0.0,3922
8,28,0,3,9,0.0,4096
8,28,0,3,10,0.0,4109
8,28,0,3,11,0.0,4096
8,28,0,3,12,0.0,4265
8,28,0,3,13,0.0,4190
8,28,0,3,14,0.0,4115
8,28,0,3,15,0.0,4242
8,28,0,3,16,0.0,4292
8,28,0,3,17,0.0,4212
8,28,0,3,18,0.0,4061
8,28,0,3,19,0.0,3970
8,28,0,3,20,0.0,4035
8,28,0,3,21,0.0,4031
8,28,0,3,22,0.0,4027
8,28,0,3,23,0.0,4260
8,29,0,4,1,0.0,3718
8,29,0,4,2,0.0,3680
8,29,0,4,3,0.0,3643
8,29,0,4,4,0.0,3605
8,29,0,4,5,0.0,3567
8,29,0,4,6,0.0,3720
8,29,0,4,7,0.0,3938
8,29,0,4,8,0.0,4032
8,29,0,4,9,0.0,4088
8,29,0,4,10,0.0,3958
8,29,0,4,11,0.0,4391
8,29,0,4,12,0.0,4267
8,29,0,4,13,0.0,4075
8,29,0,4,14,0.0,3986
8,29,0,4,15,0.0,3889
8,29,0,4,16,0.0,3937
8,29,0,4,17,0.0,4697
8,29,0,4,18,0.0,4794
8,29,0,4,19,0.0,4781
8,29,0,4,20,0.0,4639
8,29,0,4,21,0.0,4384
8,29,0,4,22,0.0,4311
8,29,0,4,23,0.0,4055
8,30,0,5,2,0.0,4951
8,30,0,5,3,0.0,4855
8,30,0,5,4,0.25,4759
8,30,0,5,5,0.25,4663
8,30,0,5,6,0.0,4401
8,30,0,5,7,0.0,4066
8,30,0,5,8,0.0,3960
8,30,0,5,9,0.0,3910
8,30,0,5,10,0.0,3770
8,30,0,5,11,0.0,3651
8,30,0,5,12,0.0,3664
8,30,0,5,13,0.0,4212
8,30,0,5,14,0.0,4804
8,30,0,5,15,0.0,4611
8,30,0,5,16,0.0,4449
8,30,0,5,17,0.0,4286
8,30,0,5,18,0.0,4263
8,30,0,5,19,0.0,4332
8,30,0,5,20,0.0,4173
8,30,0,5,21,0.0,3997
8,31,0,6,0,0.0,5312
8,31,0,6,1,0.0,4890
8,31,0,6,2,0.0,4469
8,31,0,6,3,0.0,4047
8,31,0,6,4,0.0,3625
8,31,0,6,5,0.0,4055
8,31,0,6,6,0.25,4267
8,31,0,6,7,2.0,4480
8,31,0,6,8,3.5,4548
8,31,0,6,9,2.5,4754
8,31,0,6,10,3.25,4550
8,31,0,6,11,3.25,4273
8,31,0,6,12,3.5,4249
8,31,0,6,13,4.75,4707
8,31,0,6,14,0.25,4604
8,31,0,6,15,0.25,4546
8,31,0,6,16,0.0,4473
8,31,0,6,17,0.0,4178
8,31,0,6,18,0.0,4299
8,31,0,6,19,0.0,4275
8,31,0,6,20,0.0,4294
8,31,0,6,21,3.25,4180
8,31,0,6,22,5.0,3973
9,1,1,7,1,0.25,4287
9,1,1,7,2,3.5,4183
9,1,1,7,3,7.75,4154
9,1,1,7,4,8.0,4124
9,1,1,7,5,2.25,4095
9,1,1,7,6,2.25,4036
9,1,1,7,7,0.25,3976
9,1,1,7,8,0.75,3966
9,1,1,7,9,1.25,3931
9,1,1,7,10,2.0,3896
9,1,1,7,11,0.5,3960
9,1,1,7,12,0.0,4051
9,1,1,7,13,0.0,4137
9,1,1,7,14,0.0,4147
9,1,1,7,15,0.0,4030
9,1,1,7,16,0.0,4003
9,1,1,7,17,0.0,4376
9,1,1,7,18,0.0,4567
9,1,1,7,19,0.0,4311
9,1,1,7,20,0.0,4217
9,1,1,7,21,0.0,4010
9,1,1,7,22,0.0,3941
9,2,1,1,1,0.0,3068
9,2,1,1,2,0.0,3071
9,2,1,1,3,0.0,3088
9,2,1,1,4,0.0,3089
9,2,1,1,5,0.0,3091
9,2,1,1,6,0.0,3103
9,2,1,1,7,0.0,3152
9,2,1,1,8,0.0,3333
9,2,1,1,9,0.0,3597
9,2,1,1,10,0.0,3835
9,2,1,1,11,0.0,4163
9,2,1,1,12,0.0,4202
9,2,1,1,13,0.0,4455
9,2,1,1,14,0.0,4520
9,2,1,1,15,0.0,4633
9,2,1,1,16,0.0,4638
9,2,1,1,17,0.0,4715
9,2,1,1,18,0.75,4632
9,2,1,1,19,0.0,4346
9,2,1,1,20,0.0,4440
9,2,1,1,21,0.0,4403
9,2,1,1,22,0.5,4133
9,3,0,2,0,0.0,3946
9,3,0,2,1,0.0,3816
9,3,0,2,2,0.25,3796
9,3,0,2,3,0.75,3795
9,3,0,2,4,0.25,3794
9,3,0,2,5,0.25,3788
9,3,0,2,6,0.25,3682
9,3,0,2,7,0.0,3771
9,3,0,2,8,0.25,3880
9,3,0,2,9,4.0,3723
9,3,0,2,10,0.75,3682
9,3,0,2,11,0.75,3765
9,3,0,2,12,0.0,3885
9,3,0,2,13,0.0,4129
9,3,0,2,14,2.75,4286
9,3,0,2,15,0.5,4397
9,3,0,2,16,0.0,4362
9,3,0,2,17,0.0,4232
9,3,0,2,18,0.0,3986
9,3,0,2,19,0.0,3985
9,3,0,2,20,0.0,3978
9,3,0,2,21,0.0,3883
9,3,0,2,22,0.0,3787
9,3,0,2,23,0.0,3702
9,4,0,3,1,0.25,4540
9,4,0,3,2,1.25,4458
9,4,0,3,3,1.25,4318
9,4,0,3,4,1.5,4137
9,4,0,3,5,8.0,3928
9,4,0,3,6,3.25,3807
9,4,0,3,7,4.25,3867
9,4,0,3,8,0.75,3911
9,4,0,3,9,0.0,3784
9,4,0,3,10,0.0,3731
9,4,0,3,11,0.0,3665
9,4,0,3,12,0.0,3667
9,4,0,3,13,0.0,3930
9,4,0,3,14,0.0,3863
9,4,0,3,15,0.0,3786
9,4,0,3,16,0.0,3767
9,4,0,3,17,0.0,3832
9,4,0,3,18,0.0,3999
9,4,0,3,19,0.0,3931
9,4,0,3,20,0.0,3901
9,4,0,3,21,0.0,3823
9,4,0,3,22,0.0,3762
9,5,0,4,4,0.0,3729
9,5,0,4,5,0.0,3853
9,5,0,4,6,0.0,4640
9,5,0,4,7,0.0,4399
9,5,0,4,8,0.0,4221
9,5,0,4,9,0.0,4211
9,5,0,4,10,0.0,4218
9,5,0,4,11,0.0,4200
9,5,0,4,12,0.0,4122
9,5,0,4,13,0.0,4176
9,5,0,4,14,0.0,4152
9,5,0,4,15,0.0,4173
9,5,0,4,16,0.0,4387
9,5,0,4,17,0.0,4414
9,5,0,4,18,0.0,4759
9,5,0,4,19,0.0,4715
9,5,0,4,20,0.0,4681
9,5,0,4,21,0.0,4286
9,5,0,4,22,0.0,4268
9,5,0,4,23,0.0,4156
9,6,0,5,1,0.0,3166
9,6,0,5,2,0.0,3291
9,6,0,5,3,0.0,3317
9,6,0,5,4,0.0,3361
9,6,0,5,5,0.0,3417
9,6,0,5,6,0.0,3482
9,6,0,5,7,0.0,3557
9,6,0,5,8,0.0,3517
9,6,0,5,9,0.0,3624
9,6,0,5,10,0.0,3605
9,6,0,5,11,0.0,3597
9,6,0,5,12,0.0,3770
9,6,0,5,13,0.0,3774
9,6,0,5,14,0.0,3778
9,6,0,5,15,0.0,4065
9,6,0,5,16,0.0,4631
9,6,0,5,17,0.0,4734
9,6,0,5,18,0.0,4613
9,6,0,5,19,0.0,4416
9,6,0,5,20,0.0,4211
9,6,0,5,21,0.0,4156
9,6,0,5,22,0.0,3953
9,6,0,5,23,0.0,12377
9,7,0,6,5,0.25,3470
9,7,0,6,6,0.75,3659
9,7,0,6,7,1.5,3630
9,7,0,6,8,3.0,3601
9,7,0,6,9,1.75,3651
9,7,0,6,10,1.0,3827
9,7,0,6,11,0.5,3792
9,7,0,6,12,0.0,3668
9,7,0,6,13,0.0,3560
9,7,0,6,14,0.0,3796
9,7,0,6,15,0.0,3850
9,7,0,6,16,0.0,3912
9,7,0,6,17,0.0,4109
9,7,0,6,18,0.0,4188
9,7,0,6,19,0.0,4498
9,7,0,6,20,0.0,4845
9,7,0,6,21,0.0,4818
9,7,0,6,22,0.0,5363
9,8,1,7,0,0.0,2912
9,8,1,7,1,0.0,3025
9,8,1,7,2,0.0,3034
9,8,1,7,3,0.0,3049
9,8,1,7,4,0.0,3130
9,8,1,7,5,0.0,3147
9,8,1,7,6,0.0,3180
9,8,1,7,7,0.0,3376
9,8,1,7,8,0.0,3551
9,8,1,7,9,0.0,3652
9,8,1,7,10,0.0,4006
9,8,1,7,11,0.0,3945
9,8,1,7,12,0.0,3993
9,8,1,7,13,0.0,4081
9,8,1,7,14,0.0,3940
9,8,1,7,15,0.0,3877
9,8,1,7,16,0.0,4229
9,8,1,7,17,0.0,4309
9,8,1,7,18,0.0,4251
9,8,1,7,19,0.0,4314
9,8,1,7,20,0.0,4253
9,8,1,7,21,0.0,3971
9,8,1,7,22,0.0,3994
9,8,1,7,23,0.0,3972
9,9,1,1,0,0.0,3179
9,9,1,1,1,0.0,3192
9,9,1,1,2,0.0,3273
9,9,1,1,3,0.0,3283
9,9,1,1,4,0.0,3303
9,9,1,1,5,0.0,3421
9,9,1,1,6,0.0,3411
9,9,1,1,7,0.0,3403
9,9,1,1,8,0.0,3386
9,9,1,1,9,0.0,3427
9,9,1,1,10,0.0,3467
9,9,1,1,11,0.0,3630
9,9,1,1,12,0.0,3905
9,9,1,1,13,0.0,4052
9,9,1,1,14,0.0,4291
9,9,1,1,15,0.0,4756
9,9,1,1,16,0.0,5429
9,9,1,1,17,0.0,6401
9,9,1,1,18,0.0,6901
9,9,1,1,19,0.0,6884
9,9,1,1,20,0.0,6510
9,9,1,1,21,0.0,6418
9,9,1,1,22,0.0,5992
9,9,1,1,23,0.0,5379
9,10,0,2,0,0.0,5598
9,10,0,2,1,0.0,5323
9,10,0,2,2,0.0,5047
9,10,0,2,3,0.25,4972
9,10,0,2,4,0.25,4496
9,10,0,2,5,0.0,4223
9,10,0,2,6,0.0,4316
9,10,0,2,7,0.0,3988
9,10,0,2,8,0.0,3937
9,10,0,2,9,0.0,3761
9,10,0,2,10,0.0,3778
9,10,0,2,11,0.0,4008
9,10,0,2,12,0.0,4049
9,10,0,2,13,0.0,4330
9,10,0,2,14,0.0,4372
9,10,0,2,15,0.0,4125
9,10,0,2,16,0.0,3991
9,10,0,2,17,0.0,3899
9,10,0,2,18,0.0,3888
9,10,0,2,19,0.0,3911
9,10,0,2,20,0.0,4099
9,10,0,2,21,0.0,3894
9,10,0,2,22,0.0,3859
9,10,0,2,23,0.0,3633
9,11,0,3,2,0.0,3872
9,11,0,3,3,0.0,3882
9,11,0,3,4,0.0,3899
9,11,0,3,5,0.0,3989
9,11,0,3,6,0.0,3967
9,11,0,3,7,0.0,3855
9,11,0,3,8,0.0,3786
9,11,0,3,9,0.0,3654
9,11,0,3,10,0.0,3546
9,11,0,3,11,0.0,3692
9,11,0,3,12,0.0,3780
9,11,0,3,13,0.0,3859
9,11,0,3,14,0.0,3751
9,11,0,3,15,0.0,4046
9,11,0,3,16,0.0,4098
9,11,0,3,17,0.0,3919
9,11,0,3,18,0.0,3831
9,11,0,3,19,0.0,3873
9,11,0,3,20,0.0,4265
9,11,0,3,21,0.0,4312
9,12,0,4,3,0.0,3125
9,12,0,4,4,0.0,3173
9,12,0,4,5,0.0,3254
9,12,0,4,6,0.0,3692
9,12,0,4,7,0.0,3717
9,12,0,4,8,0.0,3910
9,12,0,4,9,0.0,3895
9,12,0,4,10,0.0,3926
9,12,0,4,11,0.0,3901
9,12,0,4,12,0.0,3952
9,12,0,4,13,0.0,3864
9,12,0,4,14,0.0,4082
9,12,0,4,15,0.0,4138
9,12,0,4,16,0.0,4755
9,12,0,4,17,0.0,4624
9,12,0,4,18,0.0,4715
9,12,0,4,19,0.0,4441
9,12,0,4,20,0.0,4282
9,12,0,4,21,0.0,4251
9,12,0,4,22,0.0,4101
9,12,0,4,23,0.0,3951
9,13,0,5,0,0.0,3547
9,13,0,5,1,0.0,3360
9,13,0,5,2,0.0,3347
9,13,0,5,3,0.0,3334
9,13,0,5,4,0.0,3303
9,13,0,5,5,0.0,3279
9,13,0,5,6,0.0,3255
9,13,0,5,7,0.0,3408
9,13,0,5,8,0.0,3486
9,13,0,5,9,0.0,3693
9,13,0,5,10,0.0,3767
9,13,0,5,11,0.0,4245
9,13,0,5,12,0.25,4303
9,13,0,5,13,0.75,4562
9,13,0,5,14,1.0,4399
9,13,0,5,15,0.25,4293
9,13,0,5,16,0.5,4741
9,13,0,5,17,0.25,4616
9,13,0,5,18,0.0,4376
9,13,0,5,19,0.25,4450
9,13,0,5,20,0.0,4270
9,13,0,5,21,0.0,4272
9,13,0,5,22,0.0,3989
9,14,0,6,5,1.75,5851
9,14,0,6,6,0.75,5427
9,14,0,6,7,0.75,4920
9,14,0,6,8,1.5,4530
9,14,0,6,9,0.5,4249
9,14,0,6,10,1.5,4057
9,14,0,6,11,2.75,4199
9,14,0,6,12,1.0,4144
9,14,0,6,13,0.75,4493
9,14,0,6,14,0.5,4752
9,14,0,6,15,0.0,4571
9,14,0,6,16,0.0,4770
9,14,0,6,17,0.0,4642
9,14,0,6,18,0.0,4534
9,14,0,6,19,0.0,4632
9,14,0,6,20,0.25,4607
9,14,0,6,21,0.25,4660
9,14,0,6,22,0.0,4584
9,14,0,6,23,0.0,4100
9,15,1,7,0,0.0,3512
9,15,1,7,1,0.5,3360
9,15,1,7,2,0.75,3365
9,15,1,7,3,0.0,3363
9,15,1,7,4,1.0,3361
9,15,1,7,5,1.0,3359
9,15,1,7,6,1.5,3355
9,15,1,7,7,0.25,3350
9,15,1,7,8,0.0,3446
9,15,1,7,9,0.25,4038
9,15,1,7,10,0.0,4001
9,15,1,7,11,0.0,4231
9,15,1,7,12,0.0,4128
9,15,1,7,13,0.0,4026
9,15,1,7,14,0.0,4004
9,15,1,7,15,0.0,4188
9,15,1,7,16,0.0,4092
9,15,1,7,17,0.0,4014
9,15,1,7,18,0.0,4065
9,15,1,7,19,0.0,4103
9,15,1,7,20,0.0,4309
9,15,1,7,21,0.0,4121
9,15,1,7,22,0.0,3922
9,15,1,7,23,0.0,3818
9,16,1,1,0,0.0,2943
9,16,1,1,1,0.0,2962
9,16,1,1,2,0.0,3082
9,16,1,1,3,0.0,3108
9,16,1,1,4,0.0,3134
9,16,1,1,5,0.0,3394
9,16,1,1,6,0.0,3405
9,16,1,1,7,0.0,3415
9,16,1,1,8,0.0,3571
9,16,1,1,9,0.0,3621
9,16,1,1,10,0.0,3756
9,16,1,1,11,0.0,3833
9,16,1,1,12,0.0,3968
9,16,1,1,13,0.0,4432
9,16,1,1,14,0.0,4554
9,16,1,1,15,0.0,4681
9,16,1,1,16,0.0,4999
9,16,1,1,17,0.0,5519
9,16,1,1,18,0.0,5532
9,16,1,1,19,0.0,5279
9,16,1,1,20,0.0,4787
9,16,1,1,21,0.0,5052
9,16,1,1,22,0.0,4928
9,16,1,1,23,0.0,4758
9,17,0,2,0,0.0,3331
9,17,0,2,1,0.0,3552
9,17,0,2,2,0.0,3563
9,17,0,2,3,0.0,3581
9,17,0,2,4,0.0,3604
9,17,0,2,5,0.0,3631
9,17,0,2,6,0.0,3976
9,17,0,2,7,0.0,3775
9,17,0,2,8,0.0,3579
9,17,0,2,9,0.0,3699
9,17,0,2,10,0.0,3685
9,17,0,2,11,0.0,3731
9,17,0,2,12,0.0,3912
9,17,0,2,13,0.0,4242
9,17,0,2,14,0.0,4227
9,17,0,2,15,0.0,4131
9,17,0,2,16,0.0,4046
9,17,0,2,17,0.0,4374
9,17,0,2,18,0.0,4406
9,17,0,2,19,0.0,4607
9,17,0,2,20,0.0,4825
9,17,0,2,21,0.0,4754
9,17,0,2,22,0.0,4928
9,17,0,2,23,0.0,4340
9,18,0,3,0,0.0,3086
9,18,0,3,1,0.0,3100
9,18,0,3,2,0.0,3105
9,18,0,3,3,0.0,3112
9,18,0,3,4,0.0,3119
9,18,0,3,5,0.0,3134
9,18,0,3,6,0.0,3160
9,18,0,3,7,0.0,3243
9,18,0,3,8,0.0,3326
9,18,0,3,9,0.0,3846
9,18,0,3,10,0.0,4155
9,18,0,3,11,0.0,3919
9,18,0,3,12,0.0,3838
9,18,0,3,13,0.0,3881
9,18,0,3,14,0.0,4047
9,18,0,3,15,0.0,4057
9,18,0,3,16,0.0,4008
9,18,0,3,17,0.0,4195
9,18,0,3,18,0.0,4089
9,18,0,3,19,0.0,4066
9,18,0,3,20,0.0,4056
9,18,0,3,21,0.0,4368
9,18,0,3,22,0.0,4092
9,19,0,4,1,0.0,3219
9,19,0,4,2,0.0,3182
9,19,0,4,3,0.0,3191
9,19,0,4,4,0.0,3207
9,19,0,4,5,0.0,3292
9,19,0,4,6,0.0,3297
9,19,0,4,7,0.0,3355
9,19,0,4,8,0.0,3510
9,19,0,4,9,0.0,3587
9,19,0,4,10,0.0,3671
9,19,0,4,11,0.0,3692
9,19,0,4,12,0.0,3552
9,19,0,4,13,0.0,3502
9,19,0,4,14,0.0,4233
9,19,0,4,15,0.0,4305
9,19,0,4,16,0.0,4266
9,19,0,4,17,0.0,4096
9,19,0,4,18,0.0,4177
9,19,0,4,19,0.0,4414
9,19,0,4,20,0.0,4441
9,19,0,4,21,0.0,4121
9,20,0,5,2,0.0,4784
9,20,0,5,3,0.5,4701
9,20,0,5,4,0.25,4618
9,20,0,5,5,1.0,4535
9,20,0,5,6,1.5,4365
9,20,0,5,7,1.5,4195
9,20,0,5,8,0.25,3912
9,20,0,5,9,0.25,4028
9,20,0,5,10,0.0,4210
9,20,0,5,11,0.0,4032
9,20,0,5,12,0.25,3941
9,20,0,5,13,0.0,4349
9,20,0,5,14,0.0,4342
9,20,0,5,15,0.25,4332
9,20,0,5,16,0.0,4466
9,20,0,5,17,0.0,4204
9,20,0,5,18,0.0,4071
9,20,0,5,19,0.0,3987
9,20,0,5,20,0.0,3972
9,20,0,5,21,0.0,3956
9,20,0,5,22,0.0,3868
9,21,0,6,1,0.0,3555
9,21,0,6,2,0.0,3397
9,21,0,6,4,0.0,3450
9,21,0,6,5,0.0,3476
9,21,0,6,7,0.0,3529
9,21,0,6,8,0.75,3409
9,21,0,6,9,1.75,3648
9,21,0,6,10,3.25,3953
9,21,0,6,11,5.0,4338
9,21,0,6,12,4.0,4435
9,21,0,6,13,5.5,4442
9,21,0,6,14,7.0,4657
9,21,0,6,15,2.0,4735
9,21,0,6,16,0.75,4834
9,21,0,6,17,0.5,4860
9,21,0,6,18,0.0,4796
9,21,0,6,19,0.0,4560
9,21,0,6,20,0.0,4668
9,21,0,6,21,0.0,4921
9,21,0,6,22,0.0,4527
9,21,0,6,23,0.0,4258
9,22,1,7,0,0.0,4466
9,22,1,7,1,0.0,4336
9,22,1,7,2,0.0,4206
9,22,1,7,3,0.0,4135
9,22,1,7,4,0.0,4064
9,22,1,7,5,0.0,4003
9,22,1,7,6,0.0,3941
9,22,1,7,7,0.0,3910
9,22,1,7,8,0.0,4071
9,22,1,7,9,0.0,4231
9,22,1,7,10,0.0,4441
9,22,1,7,11,0.0,4377
9,22,1,7,12,0.0,4101
9,22,1,7,13,0.0,3952
9,22,1,7,14,0.0,4293
9,22,1,7,15,0.0,4326
9,22,1,7,16,0.0,4528
9,22,1,7,17,0.0,4635
9,22,1,7,18,0.0,4494
9,22,1,7,19,0.0,4212
9,22,1,7,20,0.0,4050
9,22,1,7,21,0.0,4283
9,22,1,7,22,0.0,4295
9,22,1,7,23,0.0,3893
9,23,1,1,0,0.0,3423
9,23,1,1,1,0.0,3931
9,23,1,1,2,0.0,4026
9,23,1,1,3,0.0,4109
9,23,1,1,4,0.0,4193
9,23,1,1,5,0.0,4276
9,23,1,1,6,0.0,4142
9,23,1,1,7,0.0,4014
9,23,1,1,8,0.0,3925
9,23,1,1,9,0.0,3792
9,23,1,1,10,0.0,3821
9,23,1,1,11,0.0,3786
9,23,1,1,12,0.0,3872
9,23,1,1,13,0.0,3865
9,23,1,1,14,0.0,4162
9,23,1,1,15,0.0,4307
9,23,1,1,16,0.0,4342
9,23,1,1,17,0.0,4110
9,23,1,1,18,0.0,4020
9,23,1,1,19,0.0,3916
9,23,1,1,20,0.0,3900
9,23,1,1,21,0.0,3884
9,23,1,1,22,0.0,4297
9,23,1,1,23,0.0,4183
9,24,1,2,0,0.0,3521
9,24,1,2,2,0.0,4260
9,24,1,2,3,0.0,4629
9,24,1,2,5,0.0,5368
9,24,1,2,6,0.0,4978
9,24,1,2,7,0.0,4725
9,24,1,2,8,0.0,4304
9,24,1,2,9,0.0,4028
9,24,1,2,10,0.0,3982
9,24,1,2,11,0.0,4154
9,24,1,2,12,0.0,4430
9,24,1,2,13,0.0,5180
9,24,1,2,14,0.0,6452
9,24,1,2,15,0.0,7629
9,24,1,2,16,0.0,8610
9,24,1,2,17,0.0,9540
9,24,1,2,18,0.0,9551
9,24,1,2,19,0.0,8667
9,24,1,2,20,0.0,8103
9,24,1,2,21,0.0,7234
9,24,1,2,22,0.0,6780
9,24,1,2,23,0.0,6713
9,25,1,3,0,0.0,3921
9,25,1,3,1,0.0,3717
9,25,1,3,3,0.0,3515
9,25,1,3,4,0.0,3413
9,25,1,3,6,0.0,3211
9,25,1,3,7,0.0,3525
9,25,1,3,8,0.0,3952
9,25,1,3,9,0.0,3736
9,25,1,3,10,0.0,3835
9,25,1,3,11,0.0,4121
9,25,1,3,12,0.0,4414
9,25,1,3,13,0.0,4734
9,25,1,3,14,0.0,5236
9,25,1,3,15,0.0,5526
9,25,1,3,16,0.0,6164
9,25,1,3,17,0.0,6498
9,25,1,3,18,0.0,7073
9,25,1,3,19,0.0,7029
9,25,1,3,20,0.0,6386
9,25,1,3,21,0.0,5606
9,25,1,3,22,0.0,5193
9,26,1,4,0,0.0,3059
9,26,1,4,1,0.0,3043
9,26,1,4,2,0.0,3277
9,26,1,4,3,0.0,3510
9,26,1,4,4,0.0,3526
9,26,1,4,5,0.0,3543
9,26,1,4,6,0.0,3559
9,26,1,4,7,0.0,3622
9,26,1,4,8,0.0,3536
9,26,1,4,9,0.0,3413
9,26,1,4,10,0.0,3385
9,26,1,4,11,0.0,3507
9,26,1,4,12,0.0,3576
9,26,1,4,13,0.0,3695
9,26,1,4,14,0.0,3703
9,26,1,4,15,0.0,3817
9,26,1,4,16,0.0,3808
9,26,1,4,17,0.0,3752
9,26,1,4,18,0.0,3970
9,26,1,4,19,0.0,4043
9,26,1,4,20,0.0,4068
9,26,1,4,21,0.0,3981
9,26,1,4,22,0.0,3815
9,27,0,5,0,0.0,4066
9,27,0,5,2,0.0,3798
9,27,0,5,3,0.0,3665
9,27,0,5,5,0.0,3397
9,27,0,5,6,0.0,3427
9,27,0,5,7,0.0,3358
9,27,0,5,8,0.0,3365
9,27,0,5,9,0.0,3540
9,27,0,5,10,0.0,3571
9,27,0,5,11,0.0,3641
9,27,0,5,12,0.0,3563
9,27,0,5,13,0.0,4215
9,27,0,5,14,0.0,4247
9,27,0,5,15,0.0,4261
9,27,0,5,16,0.0,4220
9,27,0,5,17,0.0,4385
9,27,0,5,18,0.0,4118
9,27,0,5,19,0.0,4065
9,27,0,5,20,0.0,4229
9,27,0,5,21,0.0,4085
9,27,0,5,22,0.0,3999
9,28,0,6,6,0.0,3335
9,28,0,6,7,0.0,3452
9,28,0,6,8,0.0,3859
9,28,0,6,9,0.0,3882
9,28,0,6,10,0.0,3836
9,28,0,6,11,0.0,3782
9,28,0,6,12,0.0,3797
9,28,0,6,13,0.0,3977
9,28,0,6,14,0.0,3859
9,28,0,6,15,0.0,3865
9,28,0,6,16,0.0,3958
9,28,0,6,17,0.0,4104
9,28,0,6,18,0.0,4049
9,28,0,6,19,0.0,3996
9,28,0,6,20,0.0,4186
9,28,0,6,21,0.0,4478
9,28,0,6,22,0.0,4246
9,28,0,6,23,0.0,4014
9,29,1,7,1,0.0,3288
9,29,1,7,2,0.0,3403
9,29,1,7,3,0.0,3518
9,29,1,7,4,0.0,3706
9,29,1,7,5,0.0,3711
9,29,1,7,6,0.0,3715
9,29,1,7,7,0.0,3589
9,29,1,7,8,0.75,3643
9,29,1,7,9,0.0,3726
9,29,1,7,10,0.25,3808
9,29,1,7,11,0.5,3987
9,29,1,7,12,1.0,4631
9,29,1,7,13,1.25,4567
9,29,1,7,14,1.5,4315
9,29,1,7,15,2.0,4618
9,29,1,7,16,1.25,4608
9,29,1,7,17,0.5,4829
9,29,1,7,18,0.0,4565
9,29,1,7,19,0.0,4511
9,29,1,7,20,0.0,4452
9,29,1,7,21,0.0,4247
9,29,1,7,22,0.0,4027
9,29,1,7,23,0.75,3753
9,30,1,1,3,1.5,3825
9,30,1,1,4,0.75,3850
9,30,1,1,5,1.0,3876
9,30,1,1,6,0.0,3901
9,30,1,1,7,0.25,3926
9,30,1,1,8,0.0,3821
9,30,1,1,9,0.0,3716
9,30,1,1,10,0.0,3716
9,30,1,1,11,0.25,3636
9,30,1,1,12,0.0,3699
9,30,1,1,13,0.0,3588
9,30,1,1,14,0.0,3671
9,30,1,1,15,0.0,3975
9,30,1,1,16,0.0,4044
9,30,1,1,17,0.0,4377
9,30,1,1,18,0.0,4423
9,30,1,1,19,0.0,4468
9,30,1,1,20,0.0,4214
9,30,1,1,21,0.0,4015
9,30,1,1,22,0.0,3794
10,1,0,2,5,0.0,3824
10,1,0,2,6,0.0,3818
10,1,0,2,7,0.0,3623
10,1,0,2,8,0.0,3515
10,1,0,2,9,0.0,3732
10,1,0,2,10,0.0,3812
10,1,0,2,11,0.0,3757
10,1,0,2,12,0.0,3704
10,1,0,2,13,0.0,3740
10,1,0,2,14,0.0,3694
10,1,0,2,15,0.0,3826
10,1,0,2,16,0.0,3880
10,1,0,2,17,0.0,3854
10,1,0,2,18,0.0,3794
10,1,0,2,19,0.0,3878
10,1,0,2,20,0.0,4151
10,1,0,2,21,0.0,3955
10,1,0,2,22,0.0,3818
10,1,0,2,23,0.0,3832
10,2,0,3,2,0.0,5223
10,2,0,3,3,0.0,4766
10,2,0,3,4,0.0,4711
10,2,0,3,5,0.0,4361
10,2,0,3,6,0.0,4334
10,2,0,3,7,0.0,4097
10,2,0,3,8,0.0,3924
10,2,0,3,9,0.0,3986
10,2,0,3,10,0.0,4106
10,2,0,3,11,0.0,3955
10,2,0,3,12,0.0,3982
10,2,0,3,13,0.0,4188
10,2,0,3,14,0.0,4066
10,2,0,3,15,0.0,3926
10,2,0,3,16,0.0,4086
10,2,0,3,17,0.0,4088
10,2,0,3,18,0.0,4099
10,2,0,3,19,0.0,4150
10,2,0,3,20,0.0,4049
10,2,0,3,21,0.0,4012
10,2,0,3,22,0.0,3854
10,2,0,3,23,0.0,3670
10,3,1,4,0,0.0,3345
10,3,1,4,1,0.0,3164
10,3,1,4,2,0.0,3230
10,3,1,4,3,0.0,3649
10,3,1,4,4,0.0,3609
10,3,1,4,5,0.0,3431
10,3,1,4,6,0.0,3448
10,3,1,4,7,0.0,3667
10,3,1,4,8,0.0,3748
10,3,1,4,9,0.0,3747
10,3,1,4,10,0.0,3926
10,3,1,4,11,0.0,3839
10,3,1,4,12,0.0,3963
10,3,1,4,13,0.0,3779
10,3,1,4,14,0.0,3786
10,3,1,4,15,0.0,3841
10,3,1,4,16,0.0,4051
10,3,1,4,17,0.0,4115
10,3,1,4,18,0.0,4333
10,3,1,4,19,0.0,4338
10,3,1,4,20,0.0,4301
10,3,1,4,21,0.0,4264
10,4,0,5,7,0.0,3655
10,4,0,5,8,0.0,3596
10,4,0,5,9,0.0,3920
10,4,0,5,10,0.0,3868
10,4,0,5,11,0.0,3885
10,4,0,5,12,0.0,3806
10,4,0,5,13,0.0,3829
10,4,0,5,14,0.0,3944
10,4,0,5,15,0.0,4081
10,4,0,5,16,0.0,4423
10,4,0,5,17,0.0,4302
10,4,0,5,18,0.0,4071
10,4,0,5,19,0.0,4046
10,4,0,5,20,0.0,4392
10,4,0,5,21,0.0,4285
10,4,0,5,22,0.0,3990
10,4,0,5,23,0.0,3926
10,5,0,6,0,0.0,4060
10,5,0,6,1,1.5,4113
10,5,0,6,2,2.0,4111
10,5,0,6,3,1.5,4107
10,5,0,6,4,1.25,4086
10,5,0,6,5,2.25,3884
10,5,0,6,6,2.0,4087
10,5,0,6,7,3.5,4089
10,5,0,6,8,4.25,4095
10,5,0,6,9,6.25,3984
10,5,0,6,10,3.0,3946
10,5,0,6,11,3.75,3773
10,5,0,6,12,1.25,3658
10,5,0,6,13,3.25,3665
10,5,0,6,14,6.75,3671
10,5,0,6,15,5.25,4045
10,5,0,6,16,2.5,4565
10,5,0,6,17,0.5,5157
10,5,0,6,18,0.0,5119
10,5,0,6,19,1.25,4886
10,5,0,6,20,0.75,4840
10,5,0,6,21,0.75,4732
10,5,0,6,22,1.5,4491
10,5,0,6,23,1.0,4190
10,6,1,7,1,0.75,3839
10,6,1,7,2,1.75,3850
10,6,1,7,3,5.0,3868
10,6,1,7,4,10.5,3964
10,6,1,7,5,4.75,3965
10,6,1,7,6,14.75,4006
10,6,1,7,7,10.0,4079
10,6,1,7,8,13.75,4229
10,6,1,7,9,19.75,4453
10,6,1,7,10,19.0,4413
10,6,1,7,11,7.5,4475
10,6,1,7,12,1.75,4478
10,6,1,7,13,0.0,4567
10,6,1,7,14,0.0,4275
10,6,1,7,15,0.0,4134
10,6,1,7,16,0.0,4146
10,6,1,7,17,0.0,3991
10,6,1,7,18,0.0,3867
10,6,1,7,19,0.0,3857
10,6,1,7,20,0.0,3839
10,6,1,7,21,0.0,3678
10,6,1,7,22,0.0,3517
10,6,1,7,23,0.0,9875
10,7,1,1,0,0.0,4611
10,7,1,1,1,0.0,4641
10,7,1,1,2,0.0,4692
10,7,1,1,3,0.0,4758
10,7,1,1,4,0.0,4835
10,7,1,1,5,0.0,4235
10,7,1,1,6,0.0,4181
10,7,1,1,7,0.0,4027
10,7,1,1,8,0.0,4021
10,7,1,1,9,0.0,3951
10,7,1,1,10,0.0,4048
10,7,1,1,11,0.0,4195
10,7,1,1,12,0.0,4616
10,7,1,1,13,0.0,4366
10,7,1,1,14,0.0,4124
10,7,1,1,15,0.0,4280
10,7,1,1,16,0.0,4560
10,7,1,1,17,0.0,4541
10,7,1,1,18,0.0,4567
10,7,1,1,19,0.0,4447
10,7,1,1,20,0.0,4246
10,7,1,1,21,0.0,4035
10,7,1,1,22,0.0,3993
10,7,1,1,23,0.0,3722
10,8,0,2,0,0.0,3783
10,8,0,2,1,0.0,3727
10,8,0,2,2,0.0,3765
10,8,0,2,3,0.0,3830
10,8,0,2,4,0.0,3913
10,8,0,2,5,0.0,4009
10,8,0,2,6,0.0,4054
10,8,0,2,7,0.0,3959
10,8,0,2,8,0.0,3843
10,8,0,2,9,0.0,3731
10,8,0,2,10,0.0,3969
10,8,0,2,11,0.0,3895
10,8,0,2,12,0.0,3953
10,8,0,2,13,0.0,4250
10,8,0,2,14,0.0,4763
10,8,0,2,15,0.0,5085
10,8,0,2,16,0.0,5151
10,8,0,2,17,0.0,4940
10,8,0,2,18,0.0,4640
10,8,0,2,19,0.0,4708
10,8,0,2,20,0.0,4508
10,8,0,2,21,0.0,4945
10,8,0,2,22,0.0,4566
10,9,1,3,0,0.0,3139
10,9,1,3,1,0.0,3270
10,9,1,3,2,0.0,3246
10,9,1,3,3,0.0,3206
10,9,1,3,4,0.0,3154
10,9,1,3,5,0.0,3094
10,9,1,3,6,0.0,3065
10,9,1,3,7,0.0,3116
10,9,1,3,8,0.0,3396
10,9,1,3,9,0.0,3905
10,9,1,3,10,0.0,3809
10,9,1,3,11,0.0,3778
10,9,1,3,12,0.0,4108
10,9,1,3,13,0.0,4158
10,9,1,3,14,0.0,4774
10,9,1,3,15,0.0,4538
10,9,1,3,16,0.0,4351
10,9,1,3,17,0.0,4324
10,9,1,3,18,0.0,4242
10,9,1,3,19,0.0,4111
10,9,1,3,20,0.0,3981
10,9,1,3,21,0.0,3995
10,9,1,3,22,0.0,4086
10,10,0,4,0,0.0,3775
10,10,0,4,1,0.0,3752
10,10,0,4,2,0.0,3729
10,10,0,4,3,0.0,3706
10,10,0,4,4,0.0,3667
10,10,0,4,5,0.0,3628
10,10,0,4,6,0.0,3589
10,10,0,4,7,0.0,3563
10,10,0,4,8,0.0,3441
10,10,0,4,9,0.0,3629
10,10,0,4,10,0.0,3690
10,10,0,4,11,0.0,3695
10,10,0,4,12,0.0,3642
10,10,0,4,13,0.0,3919
10,10,0,4,14,0.0,4059
10,10,0,4,15,0.0,4345
10,10,0,4,16,0.0,4415
10,10,0,4,17,0.0,4254
10,10,0,4,18,0.0,3999
10,10,0,4,19,0.0,4108
10,10,0,4,20,0.0,3972
10,11,0,5,3,0.0,3531
10,11,0,5,4,0.0,3522
10,11,0,5,5,0.0,3506
10,11,0,5,6,0.0,3419
10,11,0,5,7,0.0,3419
10,11,0,5,8,0.0,3391
10,11,0,5,9,0.0,3651
10,11,0,5,10,0.0,3643
10,11,0,5,11,0.0,3714
10,11,0,5,12,0.0,3959
10,11,0,5,13,0.0,4480
10,11,0,5,14,0.0,4257
10,11,0,5,15,0.0,4341
10,11,0,5,16,0.0,4166
10,11,0,5,17,0.0,4161
10,11,0,5,18,0.0,4220
10,11,0,5,19,0.0,4143
10,11,0,5,20,0.0,4107
10,11,0,5,21,0.0,4364
10,11,0,5,22,0.0,4000
10,11,0,5,23,0.0,3777
10,12,0,6,0,0.0,3088
10,12,0,6,1,0.0,3116
10,12,0,6,2,0.0,3144
10,12,0,6,3,0.0,3172
10,12,0,6,4,0.0,3220
10,12,0,6,5,0.0,3267
10,12,0,6,6,0.0,3315
10,12,0,6,7,0.0,3365
10,12,0,6,8,0.0,3854
10,12,0,6,9,0.0,4021
10,12,0,6,10,0.0,4053
10,12,0,6,11,0.0,4348
10,12,0,6,12,0.0,4230
10,12,0,6,13,0.0,4615
10,12,0,6,14,0.0,4275
10,12,0,6,15,0.0,4200
10,12,0,6,16,0.0,4209
10,12,0,6,17,0.0,4624
10,12,0,6,18,0.0,4605
10,12,0,6,19,0.0,4466
10,12,0,6,20,0.0,4519
10,12,0,6,21,0.0,4564
10,12,0,6,22,0.0,4237
10,12,0,6,23,0.0,4034
10,13,1,7,5,0.0,3767
10,13,1,7,6,0.0,3826
10,13,1,7,7,0.0,4204
10,13,1,7,8,0.0,4127
10,13,1,7,9,0.0,4066
10,13,1,7,10,0.0,4044
10,13,1,7,11,0.0,4112
10,13,1,7,12,0.0,4243
10,13,1,7,13,0.0,4537
10,13,1,7,14,0.0,4395
10,13,1,7,15,0.0,4309
10,13,1,7,16,0.0,4261
10,13,1,7,17,0.0,4252
10,13,1,7,18,0.0,4291
10,13,1,7,19,0.0,4221
10,13,1,7,20,0.0,4219
10,13,1,7,21,0.0,4209
10,13,1,7,22,0.0,4154
10,13,1,7,23,0.0,3951
10,14,1,1,0,0.0,4411
10,14,1,1,1,0.0,4156
10,14,1,1,2,0.0,4146
10,14,1,1,3,0.0,4083
10,14,1,1,4,0.0,4068
10,14,1,1,5,0.0,3960
10,14,1,1,6,0.0,3836
10,14,1,1,7,0.0,3818
10,14,1,1,8,0.0,3795
10,14,1,1,9,0.0,3813
10,14,1,1,10,0.0,3831
10,14,1,1,11,0.0,3889
10,14,1,1,12,0.0,3776
10,14,1,1,13,0.0,3658
10,14,1,1,14,0.0,3798
10,14,1,1,15,0.0,4252
10,14,1,1,16,0.0,4386
10,14,1,1,17,0.0,4526
10,14,1,1,18,0.0,4606
10,14,1,1,19,0.0,4544
10,14,1,1,20,0.0,4491
10,14,1,1,21,0.0,4293
10,14,1,1,22,0.0,4016
10,14,1,1,23,0.0,3782
10,15,0,2,1,0.0,3212
10,15,0,2,2,0.0,3200
10,15,0,2,3,0.0,3198
10,15,0,2,4,0.0,3194
10,15,0,2,5,0.0,3174
10,15,0,2,6,0.0,3224
10,15,0,2,7,0.0,3257
10,15,0,2,8,0.0,3289
10,15,0,2,9,0.0,3519
10,15,0,2,10,0.0,3623
10,15,0,2,11,0.0,3665
10,15,0,2,12,0.0,3884
10,15,0,2,13,0.0,3995
10,15,0,2,14,0.0,3996
10,15,0,2,15,0.0,3916
10,15,0,2,16,0.0,4149
10,15,0,2,17,0.0,4376
10,15,0,2,18,0.0,4315
10,15,0,2,19,0.0,4355
10,15,0,2,20,0.0,4207
10,15,0,2,21,0.0,4000
10,15,0,2,22,0.0,4136
10,15,0,2,23,0.0,5503
10,16,0,3,2,0.0,8584
10,16,0,3,3,0.0,8435
10,16,0,3,4,0.0,8181
10,16,0,3,5,0.0,6807
10,16,0,3,6,0.0,5785
10,16,0,3,7,0.0,5455
10,16,0,3,8,0.0,5229
10,16,0,3,9,0.0,5445
10,16,0,3,10,0.0,5088
10,16,0,3,11,0.0,5012
10,16,0,3,12,0.0,4700
10,16,0,3,13,0.0,4524
10,16,0,3,14,0.0,4398
10,16,0,3,15,0.0,4204
10,16,0,3,16,0.0,4099
10,16,0,3,17,0.0,3904
10,16,0,3,18,0.0,3791
10,16,0,3,19,0.0,3756
10,16,0,3,20,0.0,3979
10,16,0,3,21,0.0,4118
10,16,0,3,22,0.0,4230
10,16,0,3,23,0.0,4176
10,17,0,4,0,0.0,3279
10,17,0,4,1,0.0,3375
10,17,0,4,2,0.0,3432
10,17,0,4,3,0.0,3793
10,17,0,4,4,0.0,4300
10,17,0,4,5,0.0,4292
10,17,0,4,6,0.0,4286
10,17,0,4,7,0.0,4284
10,17,0,4,8,0.0,4280
10,17,0,4,9,0.0,4477
10,17,0,4,10,0.0,4408
10,17,0,4,11,0.0,4407
10,17,0,4,12,0.0,4303
10,17,0,4,13,0.0,4077
10,17,0,4,14,0.0,4217
10,17,0,4,15,0.0,4189
10,17,0,4,16,0.0,4153
10,17,0,4,17,0.0,4506
10,17,0,4,18,0.0,4464
10,17,0,4,19,0.0,4651
10,17,0,4,20,0.0,4380
10,17,0,4,21,0.0,4041
10,17,0,4,22,0.0,3959
10,17,0,4,23,0.0,4321
10,18,0,5,1,0.0,3383
10,18,0,5,2,0.0,3931
10,18,0,5,3,0.0,3918
10,18,0,5,4,0.0,3905
10,18,0,5,5,0.0,3874
10,18,0,5,6,0.0,3850
10,18,0,5,7,0.0,3825
10,18,0,5,8,0.0,3851
10,18,0,5,9,0.0,3704
10,18,0,5,10,0.0,3955
10,18,0,5,11,0.0,3866
10,18,0,5,12,0.0,3801
10,18,0,5,13,0.0,3644
10,18,0,5,14,0.0,3752
10,18,0,5,15,0.0,3766
10,18,0,5,16,0.0,4014
10,18,0,5,17,0.0,3905
10,18,0,5,18,0.0,3910
10,18,0,5,19,0.0,3891
10,18,0,5,20,0.0,3874
10,18,0,5,21,0.0,3968
10,19,0,6,0,0.0,3983
10,19,0,6,1,0.0,4331
10,19,0,6,2,0.0,4327
10,19,0,6,3,0.0,4321
10,19,0,6,4,0.0,4288
10,19,0,6,5,0.0,4323
10,19,0,6,6,0.0,4380
10,19,0,6,7,0.0,4452
10,19,0,6,8,0.0,4535
10,19,0,6,9,0.0,4332
10,19,0,6,10,0.0,4546
10,19,0,6,11,0.0,4385
10,19,0,6,12,0.0,4401
10,19,0,6,13,0.0,4208
10,19,0,6,14,0.0,4157
10,19,0,6,15,0.0,4042
10,19,0,6,16,0.0,4018
10,19,0,6,17,0.0,4039
10,19,0,6,18,0.0,4069
10,19,0,6,19,0.0,4245
10,19,0,6,20,0.0,4648
10,19,0,6,21,0.0,4538
10,19,0,6,22,0.0,4309
10,20,1,7,0,0.0,7644
10,20,1,7,1,0.0,6805
10,20,1,7,2,0.0,6627
10,20,1,7,3,0.0,6325
10,20,1,7,4,0.0,5935
10,20,1,7,5,0.0,5484
10,20,1,7,6,0.0,5119
10,20,1,7,7,0.0,4584
10,20,1,7,8,0.0,4503
10,20,1,7,9,0.0,4296
10,20,1,7,10,0.0,4525
10,20,1,7,11,0.0,4543
10,20,1,7,12,0.0,4276
10,20,1,7,13,0.0,4212
10,20,1,7,14,0.0,4149
10,20,1,7,15,0.0,4043
10,20,1,7,16,0.0,4167
10,20,1,7,17,0.0,4180
10,20,1,7,18,0.0,4295
10,20,1,7,19,0.0,4585
10,20,1,7,20,0.0,4794
10,20,1,7,21,0.0,4670
10,20,1,7,22,0.0,4409
10,20,1,7,23,0.0,4275
10,21,1,1,3,0.0,4297
10,21,1,1,4,0.0,4264
10,21,1,1,5,0.0,4052
10,21,1,1,6,0.0,4104
10,21,1,1,7,0.0,4152
10,21,1,1,8,0.0,3893
10,21,1,1,9,0.0,3928
10,21,1,1,10,0.0,4033
10,21,1,1,11,0.0,4001
10,21,1,1,12,0.0,3763
10,21,1,1,13,0.0,3741
10,21,1,1,14,0.0,4056
10,21,1,1,15,0.0,4256
10,21,1,1,16,0.0,4572
10,21,1,1,17,0.0,4949
10,21,1,1,18,0.0,5302
10,21,1,1,19,0.0,5122
10,21,1,1,20,0.0,5037
10,21,1,1,21,0.0,4785
10,21,1,1,22,0.0,4450
10,21,1,1,23,0.0,5617
10,22,0,2,0,0.0,3359
10,22,0,2,1,0.0,3245
10,22,0,2,3,0.0,3633
10,22,0,2,4,0.0,3826
10,22,0,2,6,0.0,4214
10,22,0,2,7,0.0,3905
10,22,0,2,8,0.0,3836
10,22,0,2,9,0.0,3786
10,22,0,2,10,0.0,3816
10,22,0,2,11,0.0,3908
10,22,0,2,12,0.0,4210
10,22,0,2,13,0.0,4023
10,22,0,2,14,0.0,4045
10,22,0,2,15,0.0,4125
10,22,0,2,16,0.0,4114
10,22,0,2,17,0.0,3876
10,22,0,2,18,0.0,4061
10,22,0,2,19,0.0,4096
10,22,0,2,20,0.0,4362
10,22,0,2,21,0.0,4372
10,22,0,2,22,0.0,4161
10,22,0,2,23,0.0,4203
10,23,0,3,4,0.0,3236
10,23,0,3,5,0.0,3238
10,23,0,3,6,0.0,3340
10,23,0,3,7,0.0,3443
10,23,0,3,8,0.0,3545
10,23,0,3,9,0.0,3573
10,23,0,3,10,0.0,3818
10,23,0,3,11,0.0,3897
10,23,0,3,12,0.0,3868
10,23,0,3,13,0.0,4119
10,23,0,3,14,0.0,4216
10,23,0,3,15,0.0,4281
10,23,0,3,16,0.0,4577
10,23,0,3,17,0.0,4278
10,23,0,3,18,0.0,4185
10,23,0,3,19,0.0,4234
10,23,0,3,20,0.0,4161
10,23,0,3,21,0.0,4036
10,23,0,3,22,0.0,3915
10,24,0,4,0,0.0,3470
10,24,0,4,1,0.0,3782
10,24,0,4,2,0.0,3685
10,24,0,4,3,0.0,3588
10,24,0,4,4,0.0,3490
10,24,0,4,5,0.0,3393
10,24,0,4,6,0.0,3509
10,24,0,4,7,0.0,3560
10,24,0,4,8,0.0,3507
10,24,0,4,9,0.0,3595
10,24,0,4,10,0.0,3621
10,24,0,4,11,0.0,3776
10,24,0,4,12,0.0,3818
10,24,0,4,13,0.0,3859
10,24,0,4,14,0.0,3865
10,24,0,4,15,0.0,4022
10,24,0,4,16,0.0,4120
10,24,0,4,17,0.0,4507
10,24,0,4,18,0.0,4389
10,24,0,4,19,0.0,4454
10,24,0,4,20,0.0,4705
10,24,0,4,21,0.0,4257
10,25,0,5,2,0.0,3696
10,25,0,5,3,0.0,3750
10,25,0,5,4,0.0,3803
10,25,0,5,5,0.0,3795
10,25,0,5,6,0.0,3787
10,25,0,5,7,0.0,3779
10,25,0,5,8,0.0,3828
10,25,0,5,9,0.0,4008
10,25,0,5,10,0.0,4092
10,25,0,5,11,0.0,4276
10,25,0,5,12,0.0,4450
10,25,0,5,13,0.0,4403
10,25,0,5,14,0.0,4355
10,25,0,5,15,0.0,4276
10,25,0,5,16,0.0,4481
10,25,0,5,17,0.0,4380
10,25,0,5,18,0.0,4493
10,25,0,5,19,0.0,4648
10,25,0,5,20,0.0,4913
10,25,0,5,21,0.0,4752
10,25,0,5,22,0.0,4617
10,25,0,5,23,0.0,4481
10,26,0,6,1,0.0,3364
10,26,0,6,2,0.0,4073
10,26,0,6,3,0.0,4783
10,26,0,6,4,0.0,5492
10,26,0,6,5,0.0,6201
10,26,0,6,6,0.0,5736
10,26,0,6,7,0.0,5094
10,26,0,6,8,0.0,4807
10,26,0,6,9,0.0,4471
10,26,0,6,10,0.0,4214
10,26,0,6,11,0.0,4280
10,26,0,6,12,0.0,4112
10,26,0,6,13,0.0,4119
10,26,0,6,14,0.0,4243
10,26,0,6,15,0.5,4254
10,26,0,6,16,3.25,4187
10,26,0,6,17,0.25,4262
10,26,0,6,18,0.0,4243
10,26,0,6,19,0.0,4594
10,26,0,6,20,0.0,4575
10,26,0,6,21,0.0,4246
10,26,0,6,22,0.0,3929
10,27,1,7,0,0.0,3122
10,27,1,7,1,0.0,3107
10,27,1,7,2,0.0,3092
10,27,1,7,3,0.0,3262
10,27,1,7,4,0.0,3432
10,27,1,7,5,0.0,3602
10,27,1,7,6,0.0,3772
10,27,1,7,7,0.0,3744
10,27,1,7,8,0.0,3810
10,27,1,7,9,0.0,3948
10,27,1,7,10,0.0,4097
10,27,1,7,11,0.0,4231
10,27,1,7,12,0.0,4388
10,27,1,7,13,0.0,4182
10,27,1,7,14,0.0,4314
10,27,1,7,15,0.0,4490
10,27,1,7,16,0.0,4702
10,27,1,7,17,0.0,4711
10,27,1,7,18,0.0,4792
10,27,1,7,19,0.0,4707
10,27,1,7,20,0.0,4560
10,27,1,7,21,0.0,4815
10,27,1,7,22,0.0,4303
10,27,1,7,23,0.0,4138
10,28,1,1,0,0.0,4094
10,28,1,1,1,0.0,4181
10,28,1,1,2,0.0,4223
10,28,1,1,3,0.0,3996
10,28,1,1,4,0.0,3836
10,28,1,1,5,0.0,3772
10,28,1,1,6,0.0,3708
10,28,1,1,7,0.0,3830
10,28,1,1,8,0.0,4168
10,28,1,1,9,0.0,4505
10,28,1,1,10,0.0,4513
10,28,1,1,11,0.0,4446
10,28,1,1,12,0.0,4344
10,28,1,1,13,0.0,4285
10,28,1,1,14,0.0,4137
10,28,1,1,15,0.0,4404
10,28,1,1,16,0.0,4609
10,28,1,1,17,0.0,4970
10,28,1,1,18,0.0,5086
10,28,1,1,19,0.0,4945
10,28,1,1,20,0.0,4714
10,28,1,1,21,0.0,4449
10,28,1,1,22,0.0,4191
10,28,1,1,23,0.0,4131
10,29,0,2,0,0.0,4854
10,29,0,2,2,0.0,4268
10,29,0,2,3,0.0,3974
10,29,0,2,5,0.0,3388
10,29,0,2,6,0.0,3515
10,29,0,2,7,0.0,3557
10,29,0,2,8,0.0,3693
10,29,0,2,9,0.0,3904
10,29,0,2,10,0.0,3988
10,29,0,2,11,0.0,4000
10,29,0,2,12,0.0,3820
10,29,0,2,13,0.0,3956
10,29,0,2,14,1.0,3963
10,29,0,2,15,0.0,3956
10,29,0,2,16,0.0,4030
10,29,0,2,17,0.0,3945
10,29,0,2,18,0.0,4031
10,29,0,2,19,0.0,4054
10,29,0,2,20,0.0,4163
10,29,0,2,21,0.0,3938
10,30,0,3,0,0.0,5243
10,30,0,3,7,0.0,4269
10,30,0,3,8,0.0,4271
10,30,0,3,9,0.0,4130
10,30,0,3,10,0.0,4056
10,30,0,3,11,0.0,4288
10,30,0,3,12,0.0,4422
10,30,0,3,13,0.0,5013
10,30,0,3,14,0.0,4807
10,30,0,3,15,0.0,4632
10,30,0,3,16,0.0,5660
10,30,0,3,17,0.0,6434
10,30,0,3,18,0.0,6530
10,30,0,3,19,0.0,5884
10,30,0,3,20,0.0,5443
10,30,0,3,21,0.0,5143
10,30,0,3,22,0.0,4843
10,30,0,3,23,0.0,4859
10,31,0,4,0,0.0,2907
10,31,0,4,1,0.0,3157
10,31,0,4,3,0.0,3195
10,31,0,4,4,0.0,3215
10,31,0,4,6,0.0,3253
10,31,0,4,7,0.0,3402
10,31,0,4,8,0.0,3740
10,31,0,4,9,0.0,3875
10,31,0,4,10,0.0,3842
10,31,0,4,11,0.0,4220
10,31,0,4,12,0.0,4121
10,31,0,4,13,0.0,3896
10,31,0,4,14,0.0,3768
10,31,0,4,15,0.0,4136
10,31,0,4,16,0.0,4035
10,31,0,4,17,0.0,4013
10,31,0,4,18,0.0,4142
10,31,0,4,19,0.0,4618
10,31,0,4,20,0.0,4728
10,31,0,4,21,0.0,4590
10,31,0,4,22,0.0,5132
10,31,0,4,23,0.0,5673
11,1,0,5,0,0.0,2717
11,1,0,5,1,0.0,3008
11,1,0,5,2,0.0,3502
11,1,0,5,3,0.0,4138
11,1,0,5,4,0.0,4874
11,1,0,5,5,0.0,5245
11,1,0,5,6,0.0,4690
11,1,0,5,7,0.0,4221
11,1,0,5,8,0.0,3909
11,1,0,5,9,0.0,3757
11,1,0,5,10,0.0,3792
11,1,0,5,11,0.0,3851
11,1,0,5,12,0.0,4048
11,1,0,5,13,0.0,3985
11,1,0,5,14,0.0,4052
11,1,0,5,15,0.0,4005
11,1,0,5,16,0.0,4494
11,1,0,5,17,0.0,4427
11,1,0,5,18,0.0,4268
11,1,0,5,19,0.0,4247
11,1,0,5,20,0.0,4950
11,1,0,5,21,0.0,4511
11,1,0,5,22,0.0,4198
11,1,0,5,23,0.0,3928
11,2,0,6,0,0.0,3963
11,2,0,6,1,0.0,3922
11,2,0,6,2,0.0,3659
11,2,0,6,3,0.0,3653
11,2,0,6,4,0.0,3634
11,2,0,6,5,0.0,3505
11,2,0,6,6,0.0,3579
11,2,0,6,7,0.0,3539
11,2,0,6,8,0.0,3597
11,2,0,6,9,0.0,3933
11,2,0,6,10,0.0,3811
11,2,0,6,11,0.0,3772
11,2,0,6,12,0.0,4245
11,2,0,6,13,0.0,4012
11,2,0,6,14,0.0,3903
11,2,0,6,15,0.0,3912
11,2,0,6,16,0.0,3875
11,2,0,6,17,0.0,3937
11,2,0,6,18,0.0,4105
11,2,0,6,19,0.0,4515
11,2,0,6,20,0.0,4313
11,2,0,6,21,0.0,3994
11,2,0,6,22,0.0,3829
11,2,0,6,23,0.0,3830
11,3,1,7,5,0.0,3904
11,3,1,7,6,0.0,3678
11,3,1,7,7,0.0,3659
11,3,1,7,8,0.0,3575
11,3,1,7,9,0.0,3887
11,3,1,7,10,0.0,4111
11,3,1,7,11,0.0,4475
11,3,1,7,12,0.0,4420
11,3,1,7,13,0.0,4242
11,3,1,7,14,0.0,4108
11,3,1,7,15,0.0,4336
11,3,1,7,16,0.0,4581
11,3,1,7,17,0.0,4674
11,3,1,7,18,0.0,4457
11,3,1,7,19,0.0,4433
11,3,1,7,20,0.0,4282
11,3,1,7,21,0.0,4510
11,3,1,7,22,0.0,4225
11,3,1,7,23,0.0,4022
11,4,1,1,0,0.0,3592
11,4,1,1,1,0.0,3589
11,4,1,1,2,0.0,3572
11,4,1,1,3,0.0,3554
11,4,1,1,4,0.0,3433
11,4,1,1,5,0.0,3455
11,4,1,1,6,0.0,3477
11,4,1,1,7,0.0,3507
11,4,1,1,8,0.0,3538
11,4,1,1,9,0.0,3568
11,4,1,1,10,0.0,3495
11,4,1,1,11,0.0,3632
11,4,1,1,12,0.0,3778
11,4,1,1,13,0.0,4074
11,4,1,1,14,0.0,4014
11,4,1,1,15,0.0,3990
11,4,1,1,16,0.0,4306
11,4,1,1,17,0.0,4738
11,4,1,1,18,0.0,4939
11,4,1,1,19,0.0,5023
11,4,1,1,20,0.0,4747
11,4,1,1,21,0.0,4746
11,4,1,1,22,0.0,4503
11,4,1,1,23,0.0,4288
11,5,0,2,5,0.0,2898
11,5,0,2,6,0.0,2975
11,5,0,2,7,0.0,3050
11,5,0,2,8,0.0,3154
11,5,0,2,9,0.0,3214
11,5,0,2,10,0.0,3305
11,5,0,2,11,0.0,3515
11,5,0,2,12,0.0,3638
11,5,0,2,13,0.0,4385
11,5,0,2,14,0.0,4387
11,5,0,2,15,0.0,4325
11,5,0,2,16,0.0,4039
11,5,0,2,17,0.0,3930
11,5,0,2,18,0.0,3850
11,5,0,2,19,0.0,4201
11,5,0,2,20,0.0,4199
11,5,0,2,21,0.0,4061
11,5,0,2,22,0.0,3928
11,5,0,2,23,0.0,3760
11,6,0,3,4,0.0,3576
11,6,0,3,5,0.0,3430
11,6,0,3,6,0.0,3446
11,6,0,3,7,0.0,3412
11,6,0,3,8,0.0,3782
11,6,0,3,9,0.0,3862
11,6,0,3,10,0.0,3904
11,6,0,3,11,0.0,3795
11,6,0,3,12,0.0,3775
11,6,0,3,13,0.0,4217
11,6,0,3,14,0.0,4048
11,6,0,3,15,0.0,4171
11,6,0,3,16,0.0,4309
11,6,0,3,17,0.0,4379
11,6,0,3,18,0.0,4726
11,6,0,3,19,0.0,4485
11,6,0,3,20,0.0,4507
11,6,0,3,21,0.0,4253
11,6,0,3,22,0.0,3943
11,6,0,3,23,0.0,3831
11,7,0,4,0,0.0,3827
11,7,0,4,1,0.0,3798
11,7,0,4,2,0.0,3768
11,7,0,4,3,0.0,3739
11,7,0,4,4,0.0,3689
11,7,0,4,5,0.0,3639
11,7,0,4,6,0.0,3589
11,7,0,4,7,0.0,3599
11,7,0,4,8,0.0,3642
11,7,0,4,9,0.0,3641
11,7,0,4,10,0.0,3687
11,7,0,4,11,0.0,3668
11,7,0,4,12,0.0,3802
11,7,0,4,13,0.0,3883
11,7,0,4,14,0.0,3831
11,7,0,4,15,0.0,3772
11,7,0,4,16,0.0,3936
11,7,0,4,17,0.0,3980
11,7,0,4,18,0.0,4018
11,7,0,4,19,0.0,4026
11,7,0,4,20,0.0,3954
11,7,0,4,21,0.0,4408
11,7,0,4,22,0.0,4252
11,8,0,5,4,0.0,3478
11,8,0,5,5,0.0,3577
11,8,0,5,6,0.5,4207
11,8,0,5,7,0.25,4013
11,8,0,5,8,0.0,4115
11,8,0,5,9,0.25,3969
11,8,0,5,10,0.25,3912
11,8,0,5,11,0.25,4171
11,8,0,5,12,0.5,4467
11,8,0,5,13,1.25,4524
11,8,0,5,14,4.5,4517
11,8,0,5,15,3.25,4348
11,8,0,5,16,2.5,4381
11,8,0,5,17,2.5,4402
11,8,0,5,18,10.5,4383
11,8,0,5,19,2.5,4345
11,8,0,5,20,2.75,4466
11,9,0,6,0,0.0,8638
11,9,0,6,1,0.0,8499
11,9,0,6,2,0.0,8263
11,9,0,6,3,0.0,6988
11,9,0,6,4,0.0,6943
11,9,0,6,5,0.0,6788
11,9,0,6,6,0.0,5689
11,9,0,6,7,0.0,4875
11,9,0,6,8,0.0,4491
11,9,0,6,9,0.0,4402
11,9,0,6,10,0.0,4258
11,9,0,6,11,0.0,4188
11,9,0,6,12,0.0,4043
11,9,0,6,13,0.0,3989
11,9,0,6,14,0.0,3934
11,9,0,6,15,0.0,3897
11,9,0,6,16,0.0,3889
11,9,0,6,17,0.0,3975
11,9,0,6,18,0.0,3943
11,9,0,6,19,0.0,4094
11,9,0,6,20,0.0,4083
11,9,0,6,21,0.0,3923
11,9,0,6,22,0.0,4024
11,9,0,6,23,0.0,3817
11,10,1,7,0,0.0,6754
11,10,1,7,1,0.0,6546
11,10,1,7,2,0.0,6338
11,10,1,7,3,0.0,5839
11,10,1,7,4,0.0,5457
11,10,1,7,5,0.0,5074
11,10,1,7,6,0.0,4553
11,10,1,7,7,0.0,4270
11,10,1,7,8,0.0,4207
11,10,1,7,9,0.0,4269
11,10,1,7,10,0.0,4455
11,10,1,7,11,0.0,4562
11,10,1,7,12,0.0,4500
11,10,1,7,13,0.0,4634
11,10,1,7,14,0.0,4569
11,10,1,7,15,0.0,4720
11,10,1,7,16,0.0,4654
11,10,1,7,17,0.0,4842
11,10,1,7,18,0.0,4765
11,10,1,7,19,0.0,4524
11,10,1,7,20,0.0,4705
11,10,1,7,21,0.0,4684
11,10,1,7,22,0.0,4685
11,11,1,1,0,0.0,4559
11,11,1,1,1,0.0,4191
11,11,1,1,2,0.0,3799
11,11,1,1,3,0.0,3798
11,11,1,1,4,0.0,3795
11,11,1,1,5,0.0,3791
11,11,1,1,6,0.0,3787
11,11,1,1,7,0.0,3553
11,11,1,1,8,0.0,3499
11,11,1,1,9,0.0,3882
11,11,1,1,10,0.0,3944
11,11,1,1,11,0.0,4143
11,11,1,1,12,0.0,4228
11,11,1,1,13,0.0,4311
11,11,1,1,14,0.0,4302
11,11,1,1,15,0.0,4243
11,11,1,1,16,0.0,4609
11,11,1,1,17,0.0,5487
11,11,1,1,18,0.0,5818
11,11,1,1,19,0.0,5875
11,11,1,1,20,0.0,5504
11,11,1,1,21,0.5,4890
11,11,1,1,22,0.0,4682
11,11,1,1,23,0.0,4953
11,12,0,2,0,0.25,4189
11,12,0,2,1,0.0,3990
11,12,0,2,2,0.25,3914
11,12,0,2,3,0.25,3784
11,12,0,2,4,0.5,3617
11,12,0,2,5,0.0,3424
11,12,0,2,6,0.25,3396
11,12,0,2,7,0.0,3415
11,12,0,2,8,0.0,3463
11,12,0,2,9,0.0,3495
11,12,0,2,10,0.0,3406
11,12,0,2,11,0.0,3710
11,12,0,2,12,0.0,3817
11,12,0,2,13,0.0,3736
11,12,0,2,14,0.0,3813
11,12,0,2,15,0.0,3822
11,12,0,2,16,0.0,3917
11,12,0,2,17,0.0,3895
11,12,0,2,18,0.0,4206
11,12,0,2,19,0.0,4240
11,12,0,2,20,0.0,4106
11,12,0,2,21,0.0,3826
11,12,0,2,22,0.0,3639
11,12,0,2,23,0.0,3569
11,13,0,3,5,0.0,3919
11,13,0,3,6,0.0,3960
11,13,0,3,7,0.0,4221
11,13,0,3,8,0.0,4058
11,13,0,3,9,0.0,3854
11,13,0,3,10,0.0,3967
11,13,0,3,11,0.0,4212
11,13,0,3,12,0.0,4150
11,13,0,3,13,0.0,4477
11,13,0,3,14,0.0,4541
11,13,0,3,15,0.0,4427
11,13,0,3,16,0.0,4425
11,13,0,3,17,0.0,4542
11,13,0,3,18,0.0,4760
11,13,0,3,19,0.0,4533
11,13,0,3,20,0.0,4369
11,13,0,3,21,0.0,4128
11,13,0,3,22,0.0,3915
11,13,0,3,23,0.0,3733
11,14,0,4,0,0.0,5143
11,14,0,4,1,0.0,5108
11,14,0,4,2,0.0,4882
11,14,0,4,3,0.0,4824
11,14,0,4,4,0.0,4417
11,14,0,4,5,0.0,4303
11,14,0,4,6,0.0,4188
11,14,0,4,7,0.0,4016
11,14,0,4,8,0.0,3964
11,14,0,4,9,0.0,3845
11,14,0,4,10,0.0,3968
11,14,0,4,11,0.0,4041
11,14,0,4,12,0.0,4490
11,14,0,4,13,0.0,4643
11,14,0,4,14,0.0,4316
11,14,0,4,15,0.0,4512
11,14,0,4,16,0.0,4588
11,14,0,4,17,0.0,5116
11,14,0,4,18,0.0,4696
11,14,0,4,19,0.0,4677
11,14,0,4,20,0.0,4266
11,14,0,4,21,0.0,4001
11,14,0,4,22,0.0,3967
11,14,0,4,23,0.0,3750
11,15,0,5,7,0.0,3766
11,15,0,5,8,0.0,3833
11,15,0,5,9,0.0,3729
11,15,0,5,10,0.0,3718
11,15,0,5,11,0.0,3849
11,15,0,5,12,0.0,3749
11,15,0,5,13,0.0,3658
11,15,0,5,14,0.0,3615
11,15,0,5,15,0.0,3772
11,15,0,5,16,0.0,3926
11,15,0,5,17,0.0,3851
11,15,0,5,18,0.0,3805
11,15,0,5,19,0.0,3636
11,15,0,5,20,0.0,3524
11,15,0,5,21,0.0,3437
11,15,0,5,22,0.0,3575
11,15,0,5,23,0.0,3691
11,16,0,6,5,0.0,8007
11,16,0,6,6,0.0,6931
11,16,0,6,7,0.0,5898
11,16,0,6,8,0.0,5211
11,16,0,6,9,0.0,4926
11,16,0,6,10,0.0,4538
11,16,0,6,11,0.0,4402
11,16,0,6,12,0.0,4190
11,16,0,6,13,0.0,4784
11,16,0,6,14,0.0,4561
11,16,0,6,15,0.0,4404
11,16,0,6,16,0.0,4551
11,16,0,6,17,0.0,4585
11,16,0,6,18,0.0,4517
11,16,0,6,19,0.0,4619
11,16,0,6,20,0.0,4516
11,16,0,6,21,0.0,4394
11,16,0,6,22,0.0,4043
11,16,0,6,23,0.0,4442
11,17,1,7,0,0.0,3710
11,17,1,7,1,0.0,3956
11,17,1,7,2,0.0,3733
11,17,1,7,3,0.0,4012
11,17,1,7,4,0.0,4001
11,17,1,7,5,0.0,3982
11,17,1,7,6,0.0,3878
11,17,1,7,7,0.0,3670
11,17,1,7,8,0.0,3830
11,17,1,7,9,0.0,3886
11,17,1,7,10,0.0,3978
11,17,1,7,11,0.0,4083
11,17,1,7,12,0.0,4268
11,17,1,7,13,0.0,4332
11,17,1,7,14,0.0,4463
11,17,1,7,15,0.0,4323
11,17,1,7,16,0.0,4224
11,17,1,7,17,0.0,4227
11,17,1,7,18,0.0,4577
11,17,1,7,19,0.0,4595
11,17,1,7,20,0.0,4339
11,17,1,7,21,0.0,4246
11,17,1,7,22,0.0,4274
11,17,1,7,23,0.0,4379
11,18,1,1,0,0.0,5609
11,18,1,1,1,0.0,5536
11,18,1,1,2,0.0,5067
11,18,1,1,3,0.0,4617
11,18,1,1,4,0.0,4566
11,18,1,1,5,0.0,4177
11,18,1,1,6,0.0,4177
11,18,1,1,7,0.0,4075
11,18,1,1,8,0.0,3882
11,18,1,1,9,0.0,4000
11,18,1,1,10,0.0,3929
11,18,1,1,11,0.0,3940
11,18,1,1,12,0.0,3861
11,18,1,1,13,0.0,3968
11,18,1,1,14,0.0,4366
11,18,1,1,15,0.0,4677
11,18,1,1,16,0.0,5098
11,18,1,1,17,0.0,5529
11,18,1,1,18,0.0,5960
11,18,1,1,19,0.0,5796
11,18,1,1,20,0.0,5354
11,18,1,1,21,0.0,5160
11,18,1,1,22,0.0,4787
11,18,1,1,23,0.0,4617
11,19,0,2,5,0.0,5587
11,19,0,2,6,0.0,4983
11,19,0,2,7,0.0,4431
11,19,0,2,8,0.0,4072
11,19,0,2,9,0.0,3898
11,19,0,2,10,0.0,3881
11,19,0,2,11,0.0,3968
11,19,0,2,12,0.0,4064
11,19,0,2,13,0.0,4081
11,19,0,2,14,0.0,4200
11,19,0,2,15,0.0,4474
11,19,0,2,16,0.0,4676
11,19,0,2,17,0.0,4422
11,19,0,2,18,0.0,4178
11,19,0,2,19,0.0,4012
11,19,0,2,20,0.0,4126
11,19,0,2,21,0.0,4100
11,19,0,2,22,0.0,3936
11,20,0,3,0,0.0,3613
11,20,0,3,1,0.0,3606
11,20,0,3,2,0.0,3598
11,20,0,3,3,0.0,3580
11,20,0,3,4,0.0,3566
11,20,0,3,5,0.0,3552
11,20,0,3,6,0.0,4002
11,20,0,3,7,0.0,4090
11,20,0,3,8,0.0,4122
11,20,0,3,9,0.0,4047
11,20,0,3,10,0.0,4148
11,20,0,3,11,0.0,4239
11,20,0,3,12,0.0,4245
11,20,0,3,13,0.0,4129
11,20,0,3,14,0.0,4104
11,20,0,3,15,0.0,4322
11,20,0,3,16,0.0,4188
11,20,0,3,17,0.0,4013
11,20,0,3,18,0.0,4055
11,20,0,3,19,0.0,4160
11,20,0,3,20,0.0,4425
11,20,0,3,21,0.0,4855
11,20,0,3,22,0.0,4815
11,20,0,3,23,0.0,4562
11,21,0,4,0,0.0,3022
11,21,0,4,2,0.0,3061
11,21,0,4,3,0.0,3081
11,21,0,4,5,0.0,3120
11,21,0,4,6,0.0,3253
11,21,0,4,7,0.0,3508
11,21,0,4,8,0.0,3598
11,21,0,4,9,0.0,3815
11,21,0,4,10,0.0,4008
11,21,0,4,11,0.0,4108
11,21,0,4,12,0.0,4087
11,21,0,4,13,0.0,4040
11,21,0,4,14,0.0,3944
11,21,0,4,15,0.0,4296
11,21,0,4,16,0.0,4324
11,21,0,4,17,0.0,4400
11,21,0,4,18,0.0,4278
11,21,0,4,19,0.0,4167
11,21,0,4,20,0.0,4056
11,21,0,4,21,0.0,4045
11,21,0,4,22,0.0,3998
11,21,0,4,23,0.0,3679
11,22,0,5,6,0.0,3170
11,22,0,5,7,0.0,3398
11,22,0,5,8,0.0,3606
11,22,0,5,9,0.0,3884
11,22,0,5,10,0.0,3794
11,22,0,5,11,0.0,4003
11,22,0,5,12,0.0,3881
11,22,0,5,13,0.0,3780
11,22,0,5,14,0.0,3748
11,22,0,5,15,0.0,3870
11,22,0,5,16,0.0,3838
11,22,0,5,17,0.0,3786
11,22,0,5,18,0.0,3896
11,22,0,5,19,0.0,3804
11,22,0,5,20,0.0,3705
11,22,0,5,21,0.0,3714
11,23,0,6,0,0.0,4656
11,23,0,6,2,0.0,4140
11,23,0,6,3,0.0,3883
11,23,0,6,5,0.0,3367
11,23,0,6,6,0.0,3536
11,23,0,6,7,0.0,3898
11,23,0,6,8,0.0,3898
11,23,0,6,9,0.0,3870
11,23,0,6,10,0.0,4073
11,23,0,6,11,0.0,3889
11,23,0,6,12,0.0,3746
11,23,0,6,13,0.0,3720
11,23,0,6,14,0.0,4070
11,23,0,6,15,0.0,4090
11,23,0,6,16,0.0,4011
11,23,0,6,17,0.0,3938
11,23,0,6,18,0.0,4020
11,23,0,6,19,0.0,4213
11,23,0,6,20,0.0,4189
11,23,0,6,21,0.0,4002
11,23,0,6,22,0.0,3823
11,24,1,7,0,0.0,4129
11,24,1,7,7,0.0,3181
11,24,1,7,8,0.0,3403
11,24,1,7,9,0.0,3982
11,24,1,7,10,0.0,3893
11,24,1,7,11,0.0,4060
11,24,1,7,12,0.0,4058
11,24,1,7,13,0.0,4435
11,24,1,7,14,0.0,4286
11,24,1,7,15,0.25,4536
11,24,1,7,16,0.0,4461
11,24,1,7,17,0.0,4332
11,24,1,7,18,0.0,4313
11,24,1,7,19,0.0,4604
11,24,1,7,20,0.0,4297
11,24,1,7,21,0.0,4110
11,24,1,7,22,0.0,4008
11,24,1,7,23,0.0,3881
11,25,1,1,0,0.0,4771
11,25,1,1,1,0.0,4789
11,25,1,1,2,0.0,4807
11,25,1,1,3,0.0,4824
11,25,1,1,4,0.0,4842
11,25,1,1,5,0.0,4466
11,25,1,1,6,0.0,4324
11,25,1,1,7,0.0,4182
11,25,1,1,8,0.0,4248
11,25,1,1,9,0.0,4020
11,25,1,1,10,0.0,4084
11,25,1,1,11,0.0,3916
11,25,1,1,12,0.0,4002
11,25,1,1,13,0.0,3880
11,25,1,1,14,0.0,4176
11,25,1,1,15,0.0,4220
11,25,1,1,16,0.0,4477
11,25,1,1,17,0.0,4908
11,25,1,1,18,0.0,5390
11,25,1,1,19,0.0,5433
11,25,1,1,20,0.0,5027
11,25,1,1,21,0.0,4661
11,25,1,1,22,0.0,4527
11,25,1,1,23,0.0,4393
11,26,0,2,4,0.0,3229
11,26,0,2,5,0.0,3300
11,26,0,2,6,0.0,3329
11,26,0,2,7,0.0,3357
11,26,0,2,8,0.0,3289
11,26,0,2,9,0.0,3467
11,26,0,2,10,0.0,3542
11,26,0,2,11,0.0,3607
11,26,0,2,12,0.0,3873
11,26,0,2,13,0.0,4074
11,26,0,2,14,0.0,3999
11,26,0,2,15,0.0,4252
11,26,0,2,16,0.0,4254
11,26,0,2,17,0.0,4266
11,26,0,2,18,0.0,4174
11,26,0,2,19,0.0,4165
11,26,0,2,20,0.0,3935
11,26,0,2,21,0.0,3931
11,26,0,2,22,0.0,3850
11,27,0,3,0,0.0,2748
11,27,0,3,1,0.0,3059
11,27,0,3,2,0.0,3051
11,27,0,3,3,0.0,3042
11,27,0,3,4,0.0,3034
11,27,0,3,5,0.0,3025
11,27,0,3,6,0.0,3305
11,27,0,3,7,0.0,3603
11,27,0,3,8,0.0,3686
11,27,0,3,9,0.0,3636
11,27,0,3,10,0.0,3669
11,27,0,3,11,0.0,3841
11,27,0,3,12,0.0,4392
11,27,0,3,13,0.0,4350
11,27,0,3,14,0.0,4975
11,27,0,3,15,0.0,4782
11,27,0,3,16,0.0,4592
11,27,0,3,17,0.0,4370
11,27,0,3,18,0.0,4404
11,27,0,3,19,0.0,4547
11,27,0,3,20,0.0,4599
11,27,0,3,21,0.0,4408
11,27,0,3,22,0.0,4217
11,28,0,4,0,0.0,4627
11,28,0,4,2,0.0,4174
11,28,0,4,3,0.0,3948
11,28,0,4,5,0.0,3495
11,28,0,4,6,0.0,3511
11,28,0,4,7,0.0,3576
11,28,0,4,8,0.0,3737
11,28,0,4,9,0.0,3700
11,28,0,4,10,0.0,3645
11,28,0,4,11,0.0,3712
11,28,0,4,12,0.0,3606
11,28,0,4,13,0.0,3738
11,28,0,4,14,0.0,3780
11,28,0,4,15,0.0,3923
11,28,0,4,16,0.0,4114
11,28,0,4,17,0.0,3937
11,28,0,4,18,0.0,3847
11,28,0,4,19,0.0,4086
11,28,0,4,20,0.0,3921
11,28,0,4,21,0.0,3755
11,28,0,4,22,0.0,4264
11,28,0,4,23,0.0,3855
11,29,0,5,1,0.0,3242
11,29,0,5,2,0.0,3242
11,29,0,5,3,0.0,3242
11,29,0,5,4,0.0,3272
11,29,0,5,5,0.0,3303
11,29,0,5,6,0.0,3333
11,29,0,5,7,0.0,3403
11,29,0,5,8,0.0,3503
11,29,0,5,9,0.0,3604
11,29,0,5,10,0.0,3792
11,29,0,5,11,0.0,3829
11,29,0,5,12,0.0,3689
11,29,0,5,13,0.0,3652
11,29,0,5,14,0.0,3563
11,29,0,5,15,0.0,3756
11,29,0,5,16,0.0,3862
11,29,0,5,17,0.0,4261
11,29,0,5,18,0.0,4584
11,29,0,5,19,0.0,4318
11,29,0,5,20,0.0,4320
11,29,0,5,21,0.0,4045
11,29,0,5,22,0.0,3779
11,29,0,5,23,0.0,3657
11,30,0,6,3,0.0,2969
11,30,0,6,4,0.0,3115
11,30,0,6,5,0.0,3262
11,30,0,6,6,0.0,3408
11,30,0,6,7,0.0,3467
11,30,0,6,8,0.0,3525
11,30,0,6,9,0.0,3499
11,30,0,6,10,0.0,3645
11,30,0,6,11,0.0,3604
11,30,0,6,12,0.0,3588
11,30,0,6,13,0.0,3807
11,30,0,6,14,0.0,3721
11,30,0,6,15,0.0,3726
11,30,0,6,16,0.0,3718
11,30,0,6,17,0.0,3792
11,30,0,6,18,0.0,3766
11,30,0,6,19,0.0,4190
11,30,0,6,20,0.0,4162
11,30,0,6,21,0.0,3979
11,30,0,6,22,0.0,4053
11,30,0,6,23,0.0,3861
12,1,1,7,6,0.0,4330
12,1,1,7,7,0.0,4036
12,1,1,7,8,0.0,4066
12,1,1,7,9,0.0,3965
12,1,1,7,10,0.0,4090
12,1,1,7,11,0.0,4242
12,1,1,7,12,0.0,4099
12,1,1,7,13,0.0,4166
12,1,1,7,14,0.0,4176
12,1,1,7,15,0.0,4321
12,1,1,7,16,0.0,4276
12,1,1,7,17,0.0,4199
12,1,1,7,18,0.0,4256
12,1,1,7,19,0.0,4258
12,1,1,7,20,0.0,4692
12,1,1,7,21,0.0,5366
12,1,1,7,22,0.0,4989
12,1,1,7,23,0.0,4504
12,2,1,1,1,0.0,3354
12,2,1,1,2,0.0,3349
12,2,1,1,3,0.0,3315
12,2,1,1,4,0.0,3339
12,2,1,1,5,0.0,3379
12,2,1,1,6,0.0,3430
12,2,1,1,7,0.0,3489
12,2,1,1,8,0.0,4248
12,2,1,1,9,0.0,4010
12,2,1,1,10,0.0,3982
12,2,1,1,11,0.0,4057
12,2,1,1,12,0.0,4007
12,2,1,1,13,0.0,3983
12,2,1,1,14,0.0,4021
12,2,1,1,15,0.0,4146
12,2,1,1,16,0.0,4314
12,2,1,1,17,0.0,4575
12,2,1,1,18,0.0,4745
12,2,1,1,19,0.0,4919
12,2,1,1,20,0.0,4608
12,2,1,1,21,0.0,4291
12,2,1,1,22,0.0,4182
12,2,1,1,23,0.0,3834
12,3,0,2,0,0.0,3040
12,3,0,2,7,1.5,3522
12,3,0,2,8,0.25,3674
12,3,0,2,9,0.0,3646
12,3,0,2,10,0.25,3869
12,3,0,2,11,0.0,4011
12,3,0,2,12,0.0,3957
12,3,0,2,13,0.0,3852
12,3,0,2,14,0.0,3694
12,3,0,2,15,0.0,3748
12,3,0,2,16,0.0,3755
12,3,0,2,17,0.0,3852
12,3,0,2,18,0.0,4066
12,3,0,2,19,0.0,4019
12,3,0,2,20,0.0,4076
12,4,0,3,2,0.0,3993
12,4,0,3,3,0.25,3980
12,4,0,3,4,0.0,3957
12,4,0,3,5,0.75,3832
12,4,0,3,6,0.0,3818
12,4,0,3,7,0.75,3827
12,4,0,3,8,5.25,4173
12,4,0,3,9,3.25,4302
12,4,0,3,10,1.25,4064
12,4,0,3,11,0.0,3880
12,4,0,3,12,0.0,4032
12,4,0,3,13,0.0,4229
12,4,0,3,14,0.25,3992
12,4,0,3,15,0.0,4099
12,4,0,3,16,0.0,4089
12,4,0,3,17,0.0,3971
12,4,0,3,18,0.0,3897
12,4,0,3,19,0.0,4020
12,4,0,3,20,0.0,4025
12,4,0,3,21,0.0,3809
12,4,0,3,22,0.0,3844
12,5,0,4,6,0.0,4029
12,5,0,4,7,0.0,3824
12,5,0,4,8,0.0,3903
12,5,0,4,9,0.0,3805
12,5,0,4,10,0.0,3931
12,5,0,4,11,0.0,3867
12,5,0,4,12,0.0,3763
12,5,0,4,13,0.0,3960
12,5,0,4,14,0.0,3925
12,5,0,4,15,0.0,4158
12,5,0,4,16,0.0,4005
12,5,0,4,17,0.0,4147
12,5,0,4,18,0.0,4143
12,5,0,4,19,0.0,4019
12,5,0,4,20,0.0,3825
12,5,0,4,21,0.0,3772
12,5,0,4,22,0.0,3679
12,6,0,5,0,0.0,5759
12,6,0,5,1,0.0,5197
12,6,0,5,2,0.0,5131
12,6,0,5,3,0.0,5065
12,6,0,5,4,0.0,4999
12,6,0,5,5,0.0,4887
12,6,0,5,6,0.0,4774
12,6,0,5,7,0.25,4662
12,6,0,5,8,0.5,4445
12,6,0,5,9,1.0,4084
12,6,0,5,10,0.25,4071
12,6,0,5,11,0.0,4098
12,6,0,5,12,0.0,4131
12,6,0,5,13,0.0,3933
12,6,0,5,14,0.0,3806
12,6,0,5,15,0.0,3690
12,6,0,5,16,0.0,4030
12,6,0,5,17,0.0,3891
12,6,0,5,18,0.0,4357
12,6,0,5,19,0.0,5210
12,6,0,5,20,0.0,4999
12,6,0,5,21,0.0,4772
12,6,0,5,22,0.0,4480
12,6,0,5,23,0.0,4037
12,7,0,6,5,0.0,4123
12,7,0,6,6,0.0,3986
12,7,0,6,7,0.0,4033
12,7,0,6,8,0.0,3979
12,7,0,6,9,0.0,3933
12,7,0,6,10,0.0,4396
12,7,0,6,11,0.0,4284
12,7,0,6,12,0.0,4083
12,7,0,6,13,0.0,3965
12,7,0,6,14,0.0,3957
12,7,0,6,15,0.0,3847
12,7,0,6,16,0.0,4040
12,7,0,6,17,0.0,4024
12,7,0,6,18,0.0,4427
12,7,0,6,19,0.0,4479
12,7,0,6,20,0.0,4294
12,7,0,6,21,0.0,4135
12,7,0,6,22,0.0,4089
12,7,0,6,23,0.0,3918
12,8,1,7,0,0.0,3551
12,8,1,7,1,0.0,3693
12,8,1,7,2,0.0,3621
12,8,1,7,3,0.0,3613
12,8,1,7,4,0.0,3564
12,8,1,7,5,0.0,3556
12,8,1,7,6,0.0,3548
12,8,1,7,7,0.0,3540
12,8,1,7,8,0.0,3644
12,8,1,7,9,0.0,3710
12,8,1,7,10,0.0,3898
12,8,1,7,11,0.0,3977
12,8,1,7,12,0.0,3968
12,8,1,7,13,0.0,3866
12,8,1,7,14,0.0,3857
12,8,1,7,15,0.0,3836
12,8,1,7,16,0.0,4042
12,8,1,7,17,0.0,4097
12,8,1,7,18,0.0,4100
12,8,1,7,19,0.0,4066
12,8,1,7,20,0.0,4028
12,8,1,7,21,0.0,3944
12,8,1,7,22,0.0,3894
12,8,1,7,23,0.0,3839
12,9,1,1,0,0.0,4151
12,9,1,1,1,0.0,4137
12,9,1,1,2,0.0,4122
12,9,1,1,3,0.0,4108
12,9,1,1,4,0.0,4084
12,9,1,1,5,0.0,4060
12,9,1,1,6,0.0,4036
12,9,1,1,7,0.0,3928
12,9,1,1,8,0.0,3843
12,9,1,1,9,0.0,3836
12,9,1,1,10,0.0,4188
12,9,1,1,11,0.0,3981
12,9,1,1,12,0.0,3863
12,9,1,1,13,0.0,4092
12,9,1,1,14,0.0,4043
12,9,1,1,15,0.0,3957
12,9,1,1,16,0.0,4000
12,9,1,1,17,0.0,3866
12,9,1,1,18,0.0,4075
12,9,1,1,19,0.0,3935
12,9,1,1,20,0.0,3823
12,9,1,1,21,0.0,3749
12,9,1,1,22,0.0,4560
12,9,1,1,23,0.0,4129
12,10,0,2,0,0.0,3484
12,10,0,2,1,0.0,3415
12,10,0,2,2,0.0,3390
12,10,0,2,3,0.0,3347
12,10,0,2,4,0.0,3292
12,10,0,2,5,0.0,3228
12,10,0,2,6,0.0,3490
12,10,0,2,7,0.0,3400
12,10,0,2,8,0.0,3416
12,10,0,2,9,0.0,3642
12,10,0,2,10,0.0,3625
12,10,0,2,11,0.0,3634
12,10,0,2,12,0.0,3519
12,10,0,2,13,0.0,3464
12,10,0,2,14,0.0,3440
12,10,0,2,15,0.0,3456
12,10,0,2,16,0.0,3392
12,10,0,2,17,0.0,3434
12,10,0,2,18,0.0,3509
12,10,0,2,19,0.0,3607
12,10,0,2,20,0.0,3539
12,10,0,2,21,0.0,3532
12,10,0,2,22,0.0,3488
12,10,0,2,23,0.0,3497
12,11,0,3,0,0.0,3385
12,11,0,3,1,0.0,3416
12,11,0,3,2,0.0,3410
12,11,0,3,3,0.0,3403
12,11,0,3,4,0.0,3388
12,11,0,3,5,0.0,3371
12,11,0,3,6,0.0,3427
12,11,0,3,7,0.0,3421
12,11,0,3,8,0.0,3608
12,11,0,3,9,0.0,3806
12,11,0,3,10,0.0,3694
12,11,0,3,11,0.0,3748
12,11,0,3,12,0.5,4038
12,11,0,3,13,0.25,4090
12,11,0,3,14,0.25,4254
12,11,0,3,15,0.25,4262
12,11,0,3,16,0.25,4146
12,11,0,3,17,0.25,4122
12,11,0,3,18,0.25,4301
12,11,0,3,19,0.0,4105
12,11,0,3,20,0.25,3901
12,11,0,3,21,0.25,3835
12,11,0,3,22,0.0,3819
12,11,0,3,23,0.0,3720
12,12,0,4,0,0.0,16075
12,12,0,4,1,0.0,15280
12,12,0,4,2,0.0,14484
12,12,0,4,3,0.0,12576
12,12,0,4,4,0.0,11113
12,12,0,4,5,0.0,9650
12,12,0,4,6,0.0,7864
12,12,0,4,7,0.0,6567
12,12,0,4,8,0.0,5701
12,12,0,4,9,0.0,5091
12,12,0,4,10,0.0,4907
12,12,0,4,11,0.0,4660
12,12,0,4,12,0.0,4359
12,12,0,4,13,0.0,4006
12,12,0,4,14,0.0,3908
12,12,0,4,15,0.0,3947
12,12,0,4,16,0.0,4040
12,12,0,4,17,0.0,3900
12,12,0,4,18,0.0,3898
12,12,0,4,19,0.0,3737
12,12,0,4,20,0.0,4014
12,12,0,4,21,0.0,3821
12,12,0,4,22,0.0,3798
12,13,0,5,2,0.0,3349
12,13,0,5,3,0.0,3356
12,13,0,5,4,0.0,3368
12,13,0,5,5,0.0,3383
12,13,0,5,6,0.0,3401
12,13,0,5,7,0.0,3555
12,13,0,5,8,0.0,3601
12,13,0,5,9,0.0,4248
12,13,0,5,10,0.0,4016
12,13,0,5,11,0.0,3858
12,13,0,5,12,0.0,3761
12,13,0,5,13,0.0,3616
12,13,0,5,14,0.0,3587
12,13,0,5,15,0.0,3960
12,13,0,5,16,0.0,3863
12,13,0,5,17,0.0,3891
12,13,0,5,18,0.0,3860
12,13,0,5,19,0.0,3985
12,13,0,5,20,0.0,3820
12,13,0,5,21,0.0,3741
12,13,0,5,22,0.0,3742
12,13,0,5,23,0.0,3747
12,14,0,6,1,0.0,2950
12,14,0,6,2,0.0,3015
12,14,0,6,3,0.0,3124
12,14,0,6,4,0.0,3265
12,14,0,6,5,0.0,3428
12,14,0,6,6,0.0,3527
12,14,0,6,7,0.0,4123
12,14,0,6,8,0.0,4279
12,14,0,6,9,0.0,4138
12,14,0,6,10,0.0,4343
12,14,0,6,11,0.0,4049
12,14,0,6,12,0.0,3804
12,14,0,6,13,0.0,3768
12,14,0,6,14,0.0,3726
12,14,0,6,15,0.0,3923
12,14,0,6,16,0.0,3991
12,14,0,6,17,0.0,4137
12,14,0,6,18,0.0,3981
12,14,0,6,19,0.0,4232
12,14,0,6,20,0.0,4340
12,14,0,6,21,0.0,4469
12,14,0,6,22,0.0,4110
12,15,1,7,0,0.0,3328
12,15,1,7,1,0.0,3337
12,15,1,7,2,0.0,3395
12,15,1,7,3,0.0,3382
12,15,1,7,4,0.0,3363
12,15,1,7,5,0.0,3339
12,15,1,7,6,0.0,3311
12,15,1,7,7,0.0,3312
12,15,1,7,8,0.0,3427
12,15,1,7,9,0.0,3434
12,15,1,7,10,0.0,3590
12,15,1,7,11,0.0,3841
12,15,1,7,12,0.0,4156
12,15,1,7,13,0.0,4107
12,15,1,7,14,0.0,4044
12,15,1,7,15,0.0,4038
12,15,1,7,16,0.0,4126
12,15,1,7,17,0.0,4103
12,15,1,7,18,0.0,4181
12,15,1,7,19,0.0,4153
12,15,1,7,20,0.0,4451
12,15,1,7,21,0.0,4573
12,15,1,7,22,0.0,4272
12,15,1,7,23,0.0,4215
12,16,1,1,0,0.0,3594
12,16,1,1,1,0.0,3535
12,16,1,1,2,0.0,3526
12,16,1,1,3,0.0,3510
12,16,1,1,4,0.0,3490
12,16,1,1,5,0.0,3467
12,16,1,1,6,0.0,3283
12,16,1,1,7,0.0,3388
12,16,1,1,8,0.0,3523
12,16,1,1,9,0.0,3522
12,16,1,1,10,0.0,3728
12,16,1,1,11,0.0,3929
12,16,1,1,12,0.5,4467
12,16,1,1,13,0.5,5097
12,16,1,1,14,0.25,4945
12,16,1,1,15,0.0,4613
12,16,1,1,16,0.25,4574
12,16,1,1,17,0.0,4506
12,16,1,1,18,0.0,4312
12,16,1,1,19,0.0,4118
12,16,1,1,20,0.0,4062
12,16,1,1,21,0.0,4315
12,16,1,1,22,0.0,4509
12,16,1,1,23,0.0,4365
12,17,0,2,0,0.0,3579
12,17,0,2,1,0.0,3575
12,17,0,2,2,0.0,3570
12,17,0,2,3,0.0,3559
12,17,0,2,4,0.0,3551
12,17,0,2,5,0.0,3542
12,17,0,2,6,0.0,3612
12,17,0,2,7,0.0,3673
12,17,0,2,8,0.0,3780
12,17,0,2,9,0.0,3955
12,17,0,2,10,0.0,3825
12,17,0,2,11,0.0,3762
12,17,0,2,12,0.0,3662
12,17,0,2,13,0.0,3646
12,17,0,2,14,0.0,3702
12,17,0,2,15,0.0,3610
12,17,0,2,16,0.0,4235
12,17,0,2,17,0.0,4407
12,17,0,2,18,0.0,4190
12,17,0,2,19,0.0,4282
12,17,0,2,20,0.0,4182
12,17,0,2,21,0.0,3906
12,17,0,2,22,0.0,3659
12,17,0,2,23,0.0,5621
12,18,0,3,0,0.0,3347
12,18,0,3,1,0.0,3342
12,18,0,3,2,0.0,3333
12,18,0,3,3,0.0,3285
12,18,0,3,4,0.0,3284
12,18,0,3,5,0.0,3263
12,18,0,3,6,0.0,3502
12,18,0,3,7,0.0,3698
12,18,0,3,8,0.0,3751
12,18,0,3,9,0.0,3738
12,18,0,3,10,0.0,3745
12,18,0,3,11,0.0,4137
12,18,0,3,12,0.0,4542
12,18,0,3,13,0.0,4617
12,18,0,3,14,0.0,4494
12,18,0,3,15,0.0,4493
12,18,0,3,16,0.0,4396
12,18,0,3,17,0.0,4377
12,18,0,3,18,0.0,4281
12,18,0,3,19,0.0,4107
12,18,0,3,20,0.0,4097
12,18,0,3,21,0.0,4029
12,18,0,3,22,0.0,3791
12,18,0,3,23,0.0,3625
12,19,0,4,0,0.0,3674
12,19,0,4,1,0.0,4079
12,19,0,4,2,0.0,4092
12,19,0,4,3,0.0,4114
12,19,0,4,4,0.0,4143
12,19,0,4,5,0.0,4176
12,19,0,4,6,0.0,3917
12,19,0,4,7,0.0,4092
12,19,0,4,8,0.0,4078
12,19,0,4,9,0.0,3892
12,19,0,4,10,0.0,3768
12,19,0,4,11,0.0,3694
12,19,0,4,12,0.0,3688
12,19,0,4,13,0.0,4126
12,19,0,4,14,0.0,4161
12,19,0,4,15,0.0,4024
12,19,0,4,16,0.0,4040
12,19,0,4,17,0.0,4035
12,19,0,4,18,0.0,4131
12,19,0,4,19,0.0,4737
12,19,0,4,20,0.0,4518
12,19,0,4,21,0.0,4770
12,19,0,4,22,0.0,5379
12,19,0,4,23,0.0,5404
12,20,0,5,1,0.0,3882
12,20,0,5,2,0.0,3866
12,20,0,5,3,0.0,3838
12,20,0,5,4,0.0,3802
12,20,0,5,5,0.0,3761
12,20,0,5,6,0.0,3815
12,20,0,5,7,0.0,3869
12,20,0,5,8,0.0,3771
12,20,0,5,9,0.0,3674
12,20,0,5,10,0.0,3829
12,20,0,5,11,0.0,3921
12,20,0,5,12,0.0,3773
12,20,0,5,13,0.0,3784
12,20,0,5,14,0.0,4022
12,20,0,5,15,0.0,4314
12,20,0,5,16,0.0,4019
12,20,0,5,17,0.0,4084
12,20,0,5,18,0.0,4014
12,20,0,5,19,0.0,4353
12,20,0,5,20,0.0,4177
12,20,0,5,21,0.0,3946
12,20,0,5,22,0.0,4276
12,20,0,5,23,0.0,3879
12,21,0,6,0,0.0,4807
12,21,0,6,1,0.0,4766
12,21,0,6,2,0.0,4696
12,21,0,6,3,0.0,4317
12,21,0,6,4,0.0,4309
12,21,0,6,5,0.0,4123
12,21,0,6,6,0.0,4026
12,21,0,6,7,0.0,4061
12,21,0,6,8,0.0,4116
12,21,0,6,9,0.0,3888
12,21,0,6,10,0.0,3809
12,21,0,6,11,0.0,3691
12,21,0,6,12,0.0,3777
12,21,0,6,13,0.0,3875
12,21,0,6,14,0.0,4301
12,21,0,6,15,0.0,4300
12,21,0,6,16,0.0,4239
12,21,0,6,17,0.0,4099
12,21,0,6,18,0.0,4193
12,21,0,6,19,0.0,4206
12,21,0,6,20,0.0,4476
12,21,0,6,21,0.0,4205
12,21,0,6,22,0.0,4009
12,22,1,7,1,0.0,3630
12,22,1,7,2,0.0,3596
12,22,1,7,3,0.0,3562
12,22,1,7,4,0.0,3583
12,22,1,7,5,0.0,3605
12,22,1,7,6,0.0,3626
12,22,1,7,7,0.0,3647
12,22,1,7,8,0.0,3638
12,22,1,7,9,0.0,3785
12,22,1,7,10,0.0,3845
12,22,1,7,11,0.0,3818
12,22,1,7,12,0.0,4181
12,22,1,7,13,0.0,4105
12,22,1,7,14,0.0,4157
12,22,1,7,15,0.0,3978
12,22,1,7,16,0.0,4138
12,22,1,7,17,0.0,4161
12,22,1,7,18,0.0,4162
12,22,1,7,19,0.0,4110
12,22,1,7,20,0.0,3900
12,22,1,7,21,0.0,3849
12,22,1,7,22,0.0,3919
12,22,1,7,23,0.0,4121
12,23,1,1,0,0.0,4256
12,23,1,1,1,0.0,4165
12,23,1,1,2,0.0,4074
12,23,1,1,3,0.0,3983
12,23,1,1,4,0.0,3841
12,23,1,1,5,0.25,3908
12,23,1,1,6,0.75,3697
12,23,1,1,7,0.25,3531
12,23,1,1,8,0.25,3428
12,23,1,1,9,0.25,3695
12,23,1,1,10,0.0,3683
12,23,1,1,11,0.0,3970
12,23,1,1,12,0.0,4004
12,23,1,1,13,0.0,3919
12,23,1,1,14,0.0,3949
12,23,1,1,15,0.0,4065
12,23,1,1,16,0.0,4166
12,23,1,1,17,0.0,3987
12,23,1,1,18,0.0,4008
12,23,1,1,19,0.0,4094
12,23,1,1,20,0.0,4169
12,23,1,1,21,0.0,3983
12,23,1,1,22,0.0,3971
12,24,0,2,5,0.0,3016
12,24,0,2,6,0.0,3080
12,24,0,2,7,0.0,3144
12,24,0,2,8,0.0,3443
12,24,0,2,9,0.0,3442
12,24,0,2,10,0.0,3549
12,24,0,2,11,0.0,3602
12,24,0,2,12,0.0,3587
12,24,0,2,13,0.0,3522
12,24,0,2,14,0.0,4028
12,24,0,2,15,0.0,4112
12,24,0,2,16,0.0,4200
12,24,0,2,17,0.0,3998
12,24,0,2,18,0.0,4348
12,24,0,2,19,0.0,4398
12,24,0,2,20,0.0,4355
12,24,0,2,21,0.0,4531
12,24,0,2,22,0.0,4395
12,24,0,2,23,0.0,8173
12,25,1,3,0,0.0,3700
12,25,1,3,1,0.0,3669
12,25,1,3,2,0.0,3591
12,25,1,3,5,0.0,3752
12,25,1,3,8,0.0,3914
12,25,1,3,9,0.0,4110
12,25,1,3,10,0.0,3982
12,25,1,3,11,0.0,3993
12,25,1,3,12,0.0,4104
12,25,1,3,13,0.0,3874
12,25,1,3,14,0.0,4028
12,25,1,3,15,0.0,4094
12,25,1,3,16,0.0,4073
12,25,1,3,17,0.0,4086
12,25,1,3,18,0.0,4108
12,25,1,3,19,0.0,4006
12,25,1,3,20,0.0,3957
12,25,1,3,21,0.0,3953
12,25,1,3,22,0.0,3821
12,25,1,3,23,0.0,3647
12,26,0,4,4,0.0,4027
12,26,0,4,5,0.0,3939
12,26,0,4,6,0.0,3851
12,26,0,4,7,0.0,3763
12,26,0,4,8,0.0,3651
12,26,0,4,9,0.0,3621
12,26,0,4,10,0.0,3880
12,26,0,4,11,0.0,4091
12,26,0,4,12,0.0,4001
12,26,0,4,13,0.0,3829
12,26,0,4,14,0.0,3907
12,26,0,4,15,0.0,4006
12,26,0,4,16,0.0,4038
12,26,0,4,17,0.0,4211
12,26,0,4,18,0.0,4338
12,26,0,4,19,0.0,4346
12,26,0,4,20,0.0,4317
12,26,0,4,21,0.0,4288
12,26,0,4,22,0.0,4259
12,27,0,5,5,0.0,5057
12,27,0,5,6,0.0,4826
12,27,0,5,7,0.0,4595
12,27,0,5,8,0.0,4479
12,27,0,5,9,0.0,4436
12,27,0,5,10,0.0,4223
12,27,0,5,11,0.0,4123
12,27,0,5,12,0.0,4026
12,27,0,5,13,0.0,4465
12,27,0,5,14,0.0,4572
12,27,0,5,15,0.0,4574
12,27,0,5,16,0.0,4470
12,27,0,5,17,0.0,4335
12,27,0,5,18,0.0,4265
12,27,0,5,19,0.0,4243
12,27,0,5,20,0.0,4158
12,28,0,6,1,0.0,3424
12,28,0,6,2,0.0,3496
12,28,0,6,3,0.0,3568
12,28,0,6,4,0.0,3640
12,28,0,6,5,0.0,3712
12,28,0,6,6,0.0,3828
12,28,0,6,7,0.0,3901
12,28,0,6,8,0.0,3870
12,28,0,6,9,0.0,3710
12,28,0,6,10,0.0,3951
12,28,0,6,11,0.0,3808
12,28,0,6,12,0.0,4071
12,28,0,6,13,0.0,3923
12,28,0,6,14,0.0,4183
12,28,0,6,15,0.0,4723
12,28,0,6,16,0.0,4618
12,28,0,6,17,0.0,4366
12,28,0,6,18,0.0,4389
12,28,0,6,19,0.0,4411
12,28,0,6,20,0.0,4239
12,28,0,6,21,0.0,4442
12,28,0,6,22,0.0,4107
12,28,0,6,23,0.0,3746
12,29,1,7,1,0.0,3367
12,29,1,7,3,0.0,3444
12,29,1,7,4,0.0,3482
12,29,1,7,6,0.0,3559
12,29,1,7,7,0.0,3462
12,29,1,7,8,0.0,3469
12,29,1,7,9,0.0,3500
12,29,1,7,10,0.0,3415
12,29,1,7,11,0.0,3805
12,29,1,7,12,0.0,3915
12,29,1,7,13,0.0,4289
12,29,1,7,14,0.0,4225
12,29,1,7,15,0.0,4296
12,29,1,7,16,0.0,4219
12,29,1,7,17,0.0,4198
12,29,1,7,18,0.0,4216
12,29,1,7,19,0.0,4103
12,29,1,7,20,0.0,4067
12,29,1,7,21,0.0,3933
12,29,1,7,22,0.0,3821
12,29,1,7,23,0.0,3577
12,30,1,1,0,0.0,3117
12,30,1,1,1,0.0,3217
12,30,1,1,2,0.0,3316
12,30,1,1,3,0.0,3387
12,30,1,1,4,0.0,3457
12,30,1,1,5,0.0,3528
12,30,1,1,6,0.0,3347
12,30,1,1,7,0.0,3385
12,30,1,1,8,0.0,3367
12,30,1,1,9,0.0,3348
12,30,1,1,10,0.0,3710
12,30,1,1,11,0.0,3904
12,30,1,1,12,0.0,3933
12,30,1,1,13,0.0,3873
12,30,1,1,14,0.0,4030
12,30,1,1,15,0.0,4053
12,30,1,1,16,0.0,3957
12,30,1,1,17,0.0,4234
12,30,1,1,18,0.0,4299
12,30,1,1,19,0.0,4351
12,30,1,1,20,0.0,4071
12,30,1,1,21,0.0,4089
12,30,1,1,22,0.0,4040
12,30,1,1,23,0.0,3926
12,31,0,2,3,0.0,3658
12,31,0,2,4,0.0,3596
12,31,0,2,5,0.0,3535
12,31,0,2,6,0.0,3473
12,31,0,2,7,0.0,3411
12,31,0,2,8,0.0,3599
12,31,0,2,9,0.0,3805
12,31,0,2,10,0.0,4083
12,31,0,2,11,0.0,3914
12,31,0,2,12,0.0,4004
12,31,0,2,13,0.0,4000
12,31,0,2,14,0.0,4169
12,31,0,2,15,0.0,4327
12,31,0,2,16,0.0,4209
12,31,0,2,17,0.0,3932
12,31,0,2,18,0.0,3846
12,31,0,2,19,0.0,3883
12,31,0,2,20,0.0,3913
12,31,0,2,21,0.0,3839
12,31,0,2,22,0.0,3833
12,31,0,2,23,0.0,3798
